0 0.09615384615384616 0.37606837606837606 0.04326923076923077 0.15384615384615385
0 0.09375 0.5042735042735043 0.04326923076923077 0.20085470085470086
0 0.28365384615384615 0.41452991452991456 0.036057692307692304 0.18803418803418803
0 0.3245192307692308 0.4188034188034188 0.03365384615384615 0.18376068376068377
0 0.5168269230769231 0.19230769230769232 0.028846153846153848 0.1623931623931624
0 0.6394230769230769 0.1581196581196581 0.026442307692307692 0.1623931623931624
0 0.6466346153846154 0.31196581196581197 0.03365384615384615 0.15384615384615385
0 0.6442307692307693 0.4444444444444444 0.038461538461538464 0.1752136752136752
0 0.6033653846153846 0.44871794871794873 0.03125 0.19230769230769232
0 0.6658653846153846 0.5641025641025641 0.040865384615384616 0.16666666666666666
0 0.7956730769230769 0.5683760683760684 0.04807692307692308 0.2564102564102564
0 0.8870192307692307 0.46153846153846156 0.04326923076923077 0.19658119658119658
0 0.90625 0.4017094017094017 0.04567307692307692 0.1794871794871795
0 0.9230769230769231 0.27350427350427353 0.03125 0.1581196581196581
0 0.9423076923076923 0.33760683760683763 0.026442307692307692 0.14102564102564102
0 0.9495192307692307 0.452991452991453 0.036057692307692304 0.16666666666666666