0 0.17307692307692307 0.2948717948717949 0.038461538461538464 0.1752136752136752
0 0.20673076923076922 0.31196581196581197 0.04326923076923077 0.1752136752136752
0 0.24278846153846154 0.29914529914529914 0.03365384615384615 0.16666666666666666
0 0.2620192307692308 0.3162393162393162 0.036057692307692304 0.1452991452991453
0 0.35096153846153844 0.1752136752136752 0.021634615384615384 0.12393162393162394
0 0.3942307692307692 0.2905982905982906 0.036057692307692304 0.1623931623931624
0 0.4230769230769231 0.3162393162393162 0.036057692307692304 0.1794871794871795
0 0.7884615384615384 0.8376068376068376 0.057692307692307696 0.2564102564102564
0 0.5192307692307693 0.2948717948717949 0.03125 0.17094017094017094
0 0.4495192307692308 0.1282051282051282 0.02403846153846154 0.1111111111111111
0 0.5096153846153846 0.13247863247863248 0.02403846153846154 0.1282051282051282
0 0.5408653846153846 0.05982905982905983 0.021634615384615384 0.09829059829059829
0 0.5600961538461539 0.3034188034188034 0.036057692307692304 0.1794871794871795
0 0.6586538461538461 0.24786324786324787 0.03365384615384615 0.13675213675213677
0 0.71875 0.20512820512820512 0.036057692307692304 0.1452991452991453
0 0.7956730769230769 0.10683760683760683 0.02403846153846154 0.12393162393162394
0 0.8629807692307693 0.04487179487179487 0.028846153846153848 0.08974358974358974
0 0.8918269230769231 0.08547008547008547 0.026442307692307692 0.11965811965811966
0 0.9302884615384616 0.3333333333333333 0.036057692307692304 0.17094017094017094