0 0.12980769230769232 0.3504273504273504 0.040865384615384616 0.19658119658119658
0 0.14182692307692307 0.4700854700854701 0.040865384615384616 0.17094017094017094
0 0.06490384615384616 0.5512820512820513 0.040865384615384616 0.2222222222222222
0 0.11778846153846154 0.6752136752136753 0.04807692307692308 0.23931623931623933
0 0.17307692307692307 0.13675213675213677 0.03125 0.12393162393162394
0 0.29086538461538464 0.05128205128205128 0.02403846153846154 0.10256410256410256
0 0.4230769230769231 0.04487179487179487 0.028846153846153848 0.08974358974358974
0 0.4375 0.1794871794871795 0.03365384615384615 0.13675213675213677
0 0.49759615384615385 0.09401709401709402 0.02403846153846154 0.11538461538461539
0 0.5288461538461539 0.13675213675213677 0.028846153846153848 0.1282051282051282
0 0.5649038461538461 0.18803418803418803 0.03125 0.13675213675213677
0 0.5264423076923077 0.41025641025641024 0.04326923076923077 0.1623931623931624
0 0.6826923076923077 0.2692307692307692 0.03365384615384615 0.1623931623931624
0 0.6442307692307693 0.5256410256410257 0.04567307692307692 0.23931623931623933
0 0.7043269230769231 0.5128205128205128 0.040865384615384616 0.21367521367521367
0 0.8798076923076923 0.5726495726495726 0.0625 0.23076923076923078
0 0.9326923076923077 0.5 0.04326923076923077 0.18376068376068377
0 0.9519230769230769 0.4658119658119658 0.04567307692307692 0.18376068376068377