0 0.24278846153846154 0.042735042735042736 0.021634615384615384 0.08547008547008547
0 0.2668269230769231 0.042735042735042736 0.021634615384615384 0.08547008547008547
0 0.3701923076923077 0.038461538461538464 0.02403846153846154 0.07692307692307693
0 0.4326923076923077 0.1623931623931624 0.021634615384615384 0.11965811965811966
0 0.46875 0.16666666666666666 0.03125 0.14102564102564102
0 0.5120192307692307 0.1111111111111111 0.02403846153846154 0.14102564102564102
0 0.43509615384615385 0.1282051282051282 0.026442307692307692 0.1282051282051282
0 0.07211538461538461 0.4444444444444444 0.04807692307692308 0.20085470085470086
0 0.1778846153846154 0.10256410256410256 0.028846153846153848 0.12393162393162394
0 0.24519230769230768 0.7564102564102564 0.057692307692307696 0.24358974358974358
0 0.5769230769230769 0.5726495726495726 0.0625 0.2264957264957265
0 0.7019230769230769 0.8418803418803419 0.055288461538461536 0.27350427350427353
0 0.6490384615384616 0.8803418803418803 0.06490384615384616 0.23076923076923078
0 0.7644230769230769 0.44017094017094016 0.038461538461538464 0.20085470085470086
0 0.75 0.4017094017094017 0.03365384615384615 0.1794871794871795
0 0.6538461538461539 0.18376068376068377 0.028846153846153848 0.12393162393162394
0 0.6177884615384616 0.14957264957264957 0.026442307692307692 0.11538461538461539
0 0.6057692307692307 0.16666666666666666 0.02403846153846154 0.11965811965811966
0 0.8389423076923077 0.3803418803418803 0.040865384615384616 0.18376068376068377
0 0.8725961538461539 0.37606837606837606 0.038461538461538464 0.16666666666666666
0 0.96875 0.6324786324786325 0.052884615384615384 0.25213675213675213
0 0.8870192307692307 0.6410256410256411 0.055288461538461536 0.2264957264957265