0 0.05048076923076923 0.5042735042735043 0.04326923076923077 0.21367521367521367
0 0.19230769230769232 0.7991452991452992 0.055288461538461536 0.25213675213675213
0 0.32211538461538464 0.7435897435897436 0.057692307692307696 0.2606837606837607
0 0.38221153846153844 0.7948717948717948 0.0625 0.28205128205128205
0 0.5985576923076923 0.6153846153846154 0.04567307692307692 0.23076923076923078
0 0.8365384615384616 0.594017094017094 0.05048076923076923 0.21367521367521367
0 0.8966346153846154 0.6068376068376068 0.04326923076923077 0.21794871794871795
0 0.9423076923076923 0.5512820512820513 0.040865384615384616 0.1752136752136752
0 0.9086538461538461 0.1794871794871795 0.038461538461538464 0.1452991452991453
0 0.8581730769230769 0.13247863247863248 0.02403846153846154 0.12393162393162394
0 0.7980769230769231 0.09401709401709402 0.028846153846153848 0.11538461538461539
0 0.7716346153846154 0.23931623931623933 0.03365384615384615 0.18376068376068377
0 0.21875 0.3247863247863248 0.036057692307692304 0.17094017094017094
0 0.24759615384615385 0.3333333333333333 0.038461538461538464 0.1794871794871795
0 0.24519230769230768 0.23931623931623933 0.028846153846153848 0.12393162393162394
0 0.2764423076923077 0.24358974358974358 0.03125 0.16666666666666666
0 0.30528846153846156 0.23931623931623933 0.040865384615384616 0.1752136752136752
0 0.3269230769230769 0.18376068376068377 0.03365384615384615 0.14102564102564102
0 0.4014423076923077 0.1452991452991453 0.028846153846153848 0.13675213675213677
0 0.42788461538461536 0.17094017094017094 0.028846153846153848 0.13675213675213677
0 0.6057692307692307 0.05555555555555555 0.028846153846153848 0.1111111111111111