0 0.6081730769230769 0.20085470085470086 0.026442307692307692 0.12393162393162394
0 0.5456730769230769 0.2692307692307692 0.036057692307692304 0.1581196581196581
0 0.6442307692307693 0.8974358974358975 0.07211538461538461 0.19230769230769232
0 0.18028846153846154 0.8461538461538461 0.055288461538461536 0.2564102564102564
0 0.1201923076923077 0.8504273504273504 0.055288461538461536 0.2264957264957265
0 0.13701923076923078 0.5598290598290598 0.057692307692307696 0.2564102564102564
0 0.18269230769230768 0.5085470085470085 0.038461538461538464 0.20085470085470086
0 0.1466346153846154 0.3547008547008547 0.040865384615384616 0.1623931623931624
0 0.13701923076923078 0.1111111111111111 0.026442307692307692 0.1282051282051282
0 0.11057692307692307 0.057692307692307696 0.028846153846153848 0.11538461538461539
0 0.3870192307692308 0.06837606837606838 0.02403846153846154 0.11538461538461539
0 0.40384615384615385 0.06837606837606838 0.021634615384615384 0.11965811965811966
0 0.5721153846153846 0.0811965811965812 0.02403846153846154 0.1282051282051282
0 0.5528846153846154 0.10683760683760683 0.026442307692307692 0.13247863247863248
0 0.53125 0.1111111111111111 0.019230769230769232 0.12393162393162394
0 0.5144230769230769 0.12393162393162394 0.026442307692307692 0.13675213675213677
0 0.4495192307692308 0.057692307692307696 0.028846153846153848 0.11538461538461539