0 0.015625 0.5683760683760684 0.03125 0.21367521367521367
0 0.16826923076923078 0.36324786324786323 0.040865384615384616 0.16666666666666666
0 0.23076923076923078 0.2777777777777778 0.03365384615384615 0.1794871794871795
0 0.34134615384615385 0.19230769230769232 0.036057692307692304 0.15384615384615385
0 0.37259615384615385 0.14957264957264957 0.026442307692307692 0.1452991452991453
0 0.39663461538461536 0.1623931623931624 0.028846153846153848 0.12393162393162394
0 0.43028846153846156 0.0811965811965812 0.026442307692307692 0.13247863247863248
0 0.5048076923076923 0.6367521367521367 0.057692307692307696 0.23504273504273504
0 0.5408653846153846 0.1282051282051282 0.026442307692307692 0.1282051282051282
0 0.5625 0.13675213675213677 0.028846153846153848 0.13675213675213677
0 0.5841346153846154 0.19230769230769232 0.036057692307692304 0.13675213675213677
0 0.8221153846153846 0.20085470085470086 0.036057692307692304 0.14957264957264957
0 0.8629807692307693 0.1111111111111111 0.028846153846153848 0.1282051282051282
0 0.8798076923076923 0.37606837606837606 0.036057692307692304 0.18376068376068377
0 0.8317307692307693 0.5128205128205128 0.04567307692307692 0.19230769230769232
0 0.9495192307692307 0.38461538461538464 0.04326923076923077 0.20512820512820512