0 0.8870192307692307 0.13675213675213677 0.026442307692307692 0.12393162393162394
0 0.8605769230769231 0.15384615384615385 0.028846153846153848 0.11965811965811966
0 0.8341346153846154 0.14102564102564102 0.028846153846153848 0.12393162393162394
0 0.9519230769230769 0.2905982905982906 0.038461538461538464 0.1452991452991453
0 0.7692307692307693 0.1282051282051282 0.026442307692307692 0.14102564102564102
0 0.7355769230769231 0.11965811965811966 0.021634615384615384 0.14102564102564102
0 0.6298076923076923 0.0641025641025641 0.02403846153846154 0.11538461538461539
0 0.6081730769230769 0.13247863247863248 0.03365384615384615 0.14102564102564102
0 0.4735576923076923 0.1282051282051282 0.02403846153846154 0.12393162393162394
0 0.5793269230769231 0.23931623931623933 0.03365384615384615 0.15384615384615385
0 0.5865384615384616 0.33760683760683763 0.036057692307692304 0.14102564102564102
0 0.5889423076923077 0.47863247863247865 0.055288461538461536 0.21794871794871795
0 0.5072115384615384 0.7735042735042735 0.052884615384615384 0.2606837606837607
0 0.16105769230769232 0.5555555555555556 0.04326923076923077 0.23076923076923078