0 0.04326923076923077 0.4017094017094017 0.03365384615384615 0.1794871794871795
0 0.1875 0.6452991452991453 0.04326923076923077 0.23931623931623933
0 0.2403846153846154 0.6666666666666666 0.05048076923076923 0.2777777777777778
0 0.375 0.5 0.04807692307692308 0.19658119658119658
0 0.2403846153846154 0.3418803418803419 0.038461538461538464 0.1794871794871795
0 0.3629807692307692 0.2094017094017094 0.03125 0.12393162393162394
0 0.40625 0.17094017094017094 0.03125 0.12393162393162394
0 0.6129807692307693 0.13675213675213677 0.026442307692307692 0.1282051282051282
0 0.5528846153846154 0.0641025641025641 0.02403846153846154 0.1111111111111111
0 0.8028846153846154 0.18376068376068377 0.036057692307692304 0.13247863247863248
0 0.8004807692307693 0.47863247863247865 0.052884615384615384 0.23076923076923078
0 0.8846153846153846 0.6923076923076923 0.05048076923076923 0.24786324786324787
0 0.9038461538461539 0.3888888888888889 0.040865384615384616 0.18376068376068377
0 0.7764423076923077 0.8717948717948718 0.07211538461538461 0.24786324786324787