0 0.9399038461538461 0.41452991452991456 0.040865384615384616 0.1794871794871795
0 0.8822115384615384 0.4358974358974359 0.04567307692307692 0.1794871794871795
0 0.8341346153846154 0.452991452991453 0.040865384615384616 0.20512820512820512
0 0.7764423076923077 0.4444444444444444 0.036057692307692304 0.18803418803418803
0 0.7860576923076923 0.3803418803418803 0.03365384615384615 0.1623931623931624
0 0.7355769230769231 0.2264957264957265 0.03125 0.1623931623931624
0 0.7067307692307693 0.2692307692307692 0.040865384615384616 0.1581196581196581
0 0.6033653846153846 0.1581196581196581 0.028846153846153848 0.11965811965811966
0 0.5384615384615384 0.11965811965811966 0.02403846153846154 0.11538461538461539
0 0.44711538461538464 0.07264957264957266 0.026442307692307692 0.1282051282051282
0 0.125 0.1452991452991453 0.03125 0.1452991452991453
0 0.07451923076923077 0.20512820512820512 0.03365384615384615 0.1581196581196581
0 0.09134615384615384 0.3888888888888889 0.04567307692307692 0.1623931623931624
0 0.16105769230769232 0.39316239316239315 0.038461538461538464 0.19230769230769232
0 0.15144230769230768 0.5555555555555556 0.04567307692307692 0.21367521367521367
0 0.10336538461538461 0.5598290598290598 0.04326923076923077 0.20085470085470086
0 0.15384615384615385 0.6282051282051282 0.04567307692307692 0.21794871794871795
0 0.07211538461538461 0.6367521367521367 0.04326923076923077 0.23504273504273504
0 0.27884615384615385 0.8290598290598291 0.07692307692307693 0.29914529914529914