0 0.8293269230769231 0.0811965811965812 0.03125 0.1282051282051282
0 0.7379807692307693 0.19658119658119658 0.028846153846153848 0.1452991452991453
0 0.6550480769230769 0.053418803418803416 0.026442307692307692 0.10683760683760683
0 0.6298076923076923 0.07692307692307693 0.028846153846153848 0.1282051282051282
0 0.5721153846153846 0.07264957264957266 0.021634615384615384 0.1111111111111111
0 0.5576923076923077 0.5641025641025641 0.04567307692307692 0.2264957264957265
0 0.4951923076923077 0.5384615384615384 0.04567307692307692 0.2264957264957265
0 0.44471153846153844 0.24358974358974358 0.03365384615384615 0.14957264957264957
0 0.40865384615384615 0.2777777777777778 0.03125 0.17094017094017094
0 0.3293269230769231 0.24358974358974358 0.036057692307692304 0.1452991452991453
0 0.24759615384615385 0.24786324786324787 0.03125 0.1452991452991453
0 0.23317307692307693 0.3247863247863248 0.03365384615384615 0.1623931623931624
0 0.28846153846153844 0.3974358974358974 0.04326923076923077 0.20512820512820512
0 0.20192307692307693 0.3076923076923077 0.03365384615384615 0.1752136752136752
0 0.07692307692307693 0.8547008547008547 0.06009615384615385 0.2606837606837607