0 0.8653846153846154 0.41025641025641024 0.04326923076923077 0.18376068376068377
0 0.7836538461538461 0.3803418803418803 0.038461538461538464 0.1752136752136752
0 0.6105769230769231 0.13675213675213677 0.026442307692307692 0.14102564102564102
0 0.5817307692307693 0.17094017094017094 0.03125 0.13675213675213677
0 0.4951923076923077 0.07264957264957266 0.026442307692307692 0.10256410256410256
0 0.44711538461538464 0.05128205128205128 0.026442307692307692 0.10256410256410256
0 0.06971153846153846 0.23931623931623933 0.03365384615384615 0.14102564102564102
0 0.0625 0.36752136752136755 0.04807692307692308 0.20512820512820512
0 0.055288461538461536 0.5854700854700855 0.04807692307692308 0.2222222222222222
0 0.23076923076923078 0.8162393162393162 0.06009615384615385 0.2692307692307692
0 0.16105769230769232 0.811965811965812 0.055288461538461536 0.2564102564102564
0 0.2283653846153846 0.8974358974358975 0.06971153846153846 0.18803418803418803
0 0.16826923076923078 0.9017094017094017 0.0625 0.18376068376068377
0 0.03365384615384615 0.2777777777777778 0.03365384615384615 0.1581196581196581