0 0.7980769230769231 0.28205128205128205 0.036057692307692304 0.1452991452991453
0 0.6346153846153846 0.3333333333333333 0.03365384615384615 0.1581196581196581
0 0.5865384615384616 0.3333333333333333 0.028846153846153848 0.1752136752136752
0 0.38221153846153844 0.6495726495726496 0.038461538461538464 0.2264957264957265
0 0.18509615384615385 0.7264957264957265 0.057692307692307696 0.2777777777777778
0 0.08653846153846154 0.36324786324786323 0.040865384615384616 0.16666666666666666
0 0.04326923076923077 0.2863247863247863 0.036057692307692304 0.13675213675213677
0 0.04807692307692308 0.2094017094017094 0.028846153846153848 0.14102564102564102
0 0.2932692307692308 0.24786324786324787 0.03125 0.1581196581196581
0 0.3004807692307692 0.3547008547008547 0.03365384615384615 0.1752136752136752
0 0.33653846153846156 0.34615384615384615 0.028846153846153848 0.1623931623931624
0 0.40384615384615385 0.20512820512820512 0.03125 0.1623931623931624
0 0.4230769230769231 0.13675213675213677 0.03365384615384615 0.1452991452991453
0 0.4254807692307692 0.042735042735042736 0.026442307692307692 0.08547008547008547