0 0.8509615384615384 0.3888888888888889 0.040865384615384616 0.17094017094017094
0 0.8557692307692307 0.3418803418803419 0.038461538461538464 0.1623931623931624
0 0.7884615384615384 0.28205128205128205 0.038461538461538464 0.14957264957264957
0 0.7139423076923077 0.3076923076923077 0.028846153846153848 0.1623931623931624
0 0.71875 0.24786324786324787 0.03125 0.14102564102564102
0 0.6802884615384616 0.2264957264957265 0.028846153846153848 0.15384615384615385
0 0.6466346153846154 0.2222222222222222 0.03365384615384615 0.1111111111111111
0 0.5745192307692307 0.24786324786324787 0.028846153846153848 0.1623931623931624
0 0.5384615384615384 0.23931623931623933 0.026442307692307692 0.1452991452991453
0 0.5865384615384616 0.45726495726495725 0.057692307692307696 0.19658119658119658
0 0.5168269230769231 0.13675213675213677 0.028846153846153848 0.1282051282051282
0 0.4230769230769231 0.05128205128205128 0.028846153846153848 0.10256410256410256
0 0.35096153846153844 0.05555555555555555 0.03125 0.1111111111111111
0 0.21634615384615385 0.8162393162393162 0.06490384615384616 0.2905982905982906
0 0.1466346153846154 0.8717948717948718 0.06490384615384616 0.24358974358974358
0 0.057692307692307696 0.3888888888888889 0.03125 0.16666666666666666
0 0.12259615384615384 0.4358974358974359 0.040865384615384616 0.1794871794871795
0 0.17067307692307693 0.42735042735042733 0.038461538461538464 0.20512820512820512
0 0.12740384615384615 0.31196581196581197 0.038461538461538464 0.1752136752136752
0 0.10576923076923077 0.358974358974359 0.03365384615384615 0.16666666666666666
0 0.057692307692307696 0.19230769230769232 0.026442307692307692 0.1581196581196581
0 0.055288461538461536 0.32905982905982906 0.038461538461538464 0.1581196581196581
0 0.19951923076923078 0.6367521367521367 0.0625 0.21367521367521367