0 0.16105769230769232 0.358974358974359 0.036057692307692304 0.1752136752136752
0 0.2283653846153846 0.33760683760683763 0.040865384615384616 0.1752136752136752
0 0.3389423076923077 0.5470085470085471 0.04326923076923077 0.21794871794871795
0 0.34134615384615385 0.21367521367521367 0.02403846153846154 0.1452991452991453
0 0.36538461538461536 0.21367521367521367 0.03365384615384615 0.11538461538461539
0 0.38221153846153844 0.15384615384615385 0.02403846153846154 0.15384615384615385
0 0.41586538461538464 0.1623931623931624 0.03365384615384615 0.14957264957264957
0 0.4567307692307692 0.1111111111111111 0.026442307692307692 0.13675213675213677
0 0.4735576923076923 0.11965811965811966 0.02403846153846154 0.11538461538461539
0 0.5 0.09401709401709402 0.026442307692307692 0.1111111111111111
0 0.5504807692307693 0.10256410256410256 0.03365384615384615 0.12393162393162394
0 0.8353365384615384 0.049145299145299144 0.03125 0.09829059829059829
0 0.8413461538461539 0.16666666666666666 0.028846153846153848 0.13675213675213677
0 0.9038461538461539 0.2606837606837607 0.03125 0.1794871794871795
0 0.8990384615384616 0.44871794871794873 0.04807692307692308 0.19230769230769232
0 0.9471153846153846 0.46153846153846156 0.036057692307692304 0.19230769230769232
0 0.6466346153846154 0.5341880341880342 0.04567307692307692 0.24358974358974358
0 0.45913461538461536 0.8632478632478633 0.06009615384615385 0.26495726495726496