0 0.04326923076923077 0.26495726495726496 0.036057692307692304 0.15384615384615385
0 0.36538461538461536 0.8247863247863247 0.05048076923076923 0.2564102564102564
0 0.41346153846153844 0.7777777777777778 0.04326923076923077 0.2606837606837607
0 0.2548076923076923 0.23076923076923078 0.028846153846153848 0.1452991452991453
0 0.22596153846153846 0.23504273504273504 0.028846153846153848 0.1581196581196581
0 0.21153846153846154 0.15384615384615385 0.028846153846153848 0.1282051282051282
0 0.30288461538461536 0.05128205128205128 0.026442307692307692 0.10256410256410256
0 0.35336538461538464 0.07264957264957266 0.03125 0.1282051282051282
0 0.49278846153846156 0.11965811965811966 0.03125 0.13247863247863248
0 0.5 0.23076923076923078 0.03125 0.14102564102564102
0 0.5336538461538461 0.23931623931623933 0.028846153846153848 0.13247863247863248
0 0.5024038461538461 0.29914529914529914 0.028846153846153848 0.1794871794871795
0 0.6658653846153846 0.18376068376068377 0.028846153846153848 0.13675213675213677