0 0.19471153846153846 0.12393162393162394 0.028846153846153848 0.13675213675213677
0 0.40625 0.1111111111111111 0.028846153846153848 0.13247863247863248
0 0.4543269230769231 0.14102564102564102 0.03365384615384615 0.14102564102564102
0 0.5048076923076923 0.08547008547008547 0.026442307692307692 0.13247863247863248
0 0.08173076923076923 0.5170940170940171 0.04807692307692308 0.21794871794871795
0 0.2764423076923077 0.8376068376068376 0.06009615384615385 0.24358974358974358
0 0.6514423076923077 0.6324786324786325 0.052884615384615384 0.23076923076923078
0 0.6370192307692307 0.7606837606837606 0.04567307692307692 0.2564102564102564
0 0.5841346153846154 0.8076923076923077 0.057692307692307696 0.27350427350427353
0 0.6826923076923077 0.2094017094017094 0.026442307692307692 0.12393162393162394
0 0.6466346153846154 0.20085470085470086 0.026442307692307692 0.1282051282051282
0 0.6442307692307693 0.16666666666666666 0.02403846153846154 0.11538461538461539
0 0.7115384615384616 0.3974358974358974 0.038461538461538464 0.19658119658119658
0 0.6826923076923077 0.36324786324786323 0.036057692307692304 0.17094017094017094
0 0.7908653846153846 0.3418803418803419 0.038461538461538464 0.1752136752136752
0 0.9350961538461539 0.46153846153846156 0.040865384615384616 0.19230769230769232
0 0.9014423076923077 0.5598290598290598 0.04807692307692308 0.24358974358974358
0 0.9615384615384616 0.7222222222222222 0.052884615384615384 0.23076923076923078