0 0.21634615384615385 0.9017094017094017 0.052884615384615384 0.18803418803418803
0 0.27163461538461536 0.9358974358974359 0.0673076923076923 0.12393162393162394
0 0.11298076923076923 0.4230769230769231 0.04326923076923077 0.18803418803418803
0 0.17307692307692307 0.5769230769230769 0.052884615384615384 0.20085470085470086
0 0.17067307692307693 0.4658119658119658 0.04326923076923077 0.16666666666666666
0 0.18028846153846154 0.4358974358974359 0.036057692307692304 0.1623931623931624
0 0.18028846153846154 0.32051282051282054 0.04567307692307692 0.1581196581196581
0 0.38221153846153844 0.16666666666666666 0.026442307692307692 0.12393162393162394
0 0.4230769230769231 0.14102564102564102 0.036057692307692304 0.1282051282051282
0 0.47115384615384615 0.13247863247863248 0.03365384615384615 0.14957264957264957
0 0.4855769230769231 0.5085470085470085 0.04567307692307692 0.21794871794871795
0 0.78125 0.6709401709401709 0.057692307692307696 0.23076923076923078
0 0.9399038461538461 0.39316239316239315 0.03365384615384615 0.18803418803418803
0 0.5240384615384616 0.19658119658119658 0.03125 0.14957264957264957
0 0.5336538461538461 0.15384615384615385 0.026442307692307692 0.12393162393162394
0 0.5745192307692307 0.1794871794871795 0.028846153846153848 0.13247863247863248
0 0.7403846153846154 0.05555555555555555 0.021634615384615384 0.10683760683760683
0 0.7692307692307693 0.05128205128205128 0.019230769230769232 0.10256410256410256
0 0.8341346153846154 0.08547008547008547 0.03365384615384615 0.11538461538461539
0 0.6153846153846154 0.04700854700854701 0.028846153846153848 0.09401709401709402