0 0.9278846153846154 0.4230769230769231 0.038461538461538464 0.18376068376068377
0 0.8509615384615384 0.3803418803418803 0.04326923076923077 0.20085470085470086
0 0.6995192307692307 0.5 0.04807692307692308 0.21794871794871795
0 0.6826923076923077 0.26495726495726496 0.040865384615384616 0.15384615384615385
0 0.4206730769230769 0.1282051282051282 0.028846153846153848 0.1282051282051282
0 0.3894230769230769 0.15384615384615385 0.028846153846153848 0.1452991452991453
0 0.18509615384615385 0.08974358974358974 0.026442307692307692 0.11965811965811966
0 0.16105769230769232 0.08974358974358974 0.026442307692307692 0.1282051282051282
0 0.13701923076923078 0.05128205128205128 0.021634615384615384 0.10256410256410256
0 0.19471153846153846 0.05128205128205128 0.021634615384615384 0.10256410256410256
0 0.13701923076923078 0.4700854700854701 0.038461538461538464 0.18803418803418803
0 0.11778846153846154 0.7649572649572649 0.052884615384615384 0.2222222222222222
0 0.23798076923076922 0.7692307692307693 0.052884615384615384 0.2222222222222222
0 0.1971153846153846 0.8461538461538461 0.06009615384615385 0.2863247863247863