0 0.9302884615384616 0.5213675213675214 0.057692307692307696 0.21367521367521367
0 0.84375 0.3333333333333333 0.03365384615384615 0.16666666666666666
0 0.7668269230769231 0.2905982905982906 0.038461538461538464 0.1452991452991453
0 0.6802884615384616 0.2094017094017094 0.03125 0.13675213675213677
0 0.6153846153846154 0.1752136752136752 0.026442307692307692 0.13675213675213677
0 0.5865384615384616 0.1752136752136752 0.026442307692307692 0.12393162393162394
0 0.5625 0.1623931623931624 0.026442307692307692 0.13247863247863248
0 0.5480769230769231 0.1794871794871795 0.03125 0.1282051282051282
0 0.4951923076923077 0.11538461538461539 0.02403846153846154 0.1111111111111111
0 0.4230769230769231 0.10256410256410256 0.028846153846153848 0.12393162393162394
0 0.47596153846153844 0.7435897435897436 0.052884615384615384 0.2777777777777778
0 0.33413461538461536 0.13675213675213677 0.028846153846153848 0.13675213675213677
0 0.29086538461538464 0.14102564102564102 0.03365384615384615 0.14957264957264957
0 0.23798076923076922 0.23931623931623933 0.036057692307692304 0.14957264957264957
0 0.19951923076923078 0.11965811965811966 0.026442307692307692 0.11965811965811966
0 0.12980769230769232 0.12393162393162394 0.028846153846153848 0.1282051282051282
0 0.10817307692307693 0.2264957264957265 0.036057692307692304 0.14957264957264957