0 0.7836538461538461 0.9017094017094017 0.052884615384615384 0.18803418803418803
0 0.7283653846153846 0.9358974358974359 0.0673076923076923 0.12393162393162394
0 0.8870192307692307 0.4230769230769231 0.04326923076923077 0.18803418803418803
0 0.8269230769230769 0.5769230769230769 0.052884615384615384 0.20085470085470086
0 0.8293269230769231 0.4658119658119658 0.04326923076923077 0.16666666666666666
0 0.8197115384615384 0.4358974358974359 0.036057692307692304 0.1623931623931624
0 0.8197115384615384 0.32051282051282054 0.04567307692307692 0.1581196581196581
0 0.6177884615384616 0.16666666666666666 0.026442307692307692 0.12393162393162394
0 0.5769230769230769 0.14102564102564102 0.036057692307692304 0.1282051282051282
0 0.5288461538461539 0.13247863247863248 0.03365384615384615 0.14957264957264957
0 0.5144230769230769 0.5085470085470085 0.04567307692307692 0.21794871794871795
0 0.21875 0.6709401709401709 0.057692307692307696 0.23076923076923078
0 0.06009615384615385 0.39316239316239315 0.03365384615384615 0.18803418803418803
0 0.47596153846153844 0.19658119658119658 0.03125 0.14957264957264957
0 0.46634615384615385 0.15384615384615385 0.026442307692307692 0.12393162393162394
0 0.4254807692307692 0.1794871794871795 0.028846153846153848 0.13247863247863248
0 0.25961538461538464 0.05555555555555555 0.021634615384615384 0.10683760683760683
0 0.23076923076923078 0.05128205128205128 0.019230769230769232 0.10256410256410256
0 0.1658653846153846 0.08547008547008547 0.03365384615384615 0.11538461538461539
0 0.38461538461538464 0.04700854700854701 0.028846153846153848 0.09401709401709402