0 0.6322115384615384 0.405982905982906 0.036057692307692304 0.20085470085470086
0 0.6009615384615384 0.19230769230769232 0.03365384615384615 0.12393162393162394
0 0.5745192307692307 0.11538461538461539 0.026442307692307692 0.12393162393162394
0 0.46634615384615385 0.16666666666666666 0.028846153846153848 0.13247863247863248
0 0.43509615384615385 0.1623931623931624 0.028846153846153848 0.13675213675213677
0 0.34615384615384615 0.09829059829059829 0.02403846153846154 0.1282051282051282
0 0.21394230769230768 0.1282051282051282 0.026442307692307692 0.11538461538461539
0 0.18509615384615385 0.13247863247863248 0.026442307692307692 0.1282051282051282
0 0.1658653846153846 0.0811965811965812 0.021634615384615384 0.11538461538461539
0 0.19951923076923078 0.5854700854700855 0.040865384615384616 0.2222222222222222
0 0.11778846153846154 0.6410256410256411 0.05048076923076923 0.24358974358974358
0 0.14903846153846154 0.9145299145299145 0.052884615384615384 0.16666666666666666
0 0.28125 0.9145299145299145 0.0673076923076923 0.1623931623931624
0 0.4423076923076923 0.8931623931623932 0.06490384615384616 0.20512820512820512