0 0.7115384615384616 0.48717948717948717 0.040865384615384616 0.18803418803418803
0 0.7139423076923077 0.07692307692307693 0.026442307692307692 0.1282051282051282
0 0.8629807692307693 0.34615384615384615 0.038461538461538464 0.19658119658119658
0 0.8725961538461539 0.42735042735042733 0.040865384615384616 0.18376068376068377
0 0.8413461538461539 0.5683760683760684 0.04326923076923077 0.17094017094017094
0 0.9110576923076923 0.6666666666666666 0.05048076923076923 0.21794871794871795
0 0.8365384615384616 0.6709401709401709 0.05048076923076923 0.2264957264957265
0 0.7836538461538461 0.7222222222222222 0.057692307692307696 0.25213675213675213
0 0.5 0.5299145299145299 0.038461538461538464 0.2094017094017094
0 0.4807692307692308 0.7735042735042735 0.057692307692307696 0.2606837606837607
0 0.4254807692307692 0.7564102564102564 0.04326923076923077 0.25213675213675213
0 0.2548076923076923 0.3034188034188034 0.036057692307692304 0.14957264957264957
0 0.36778846153846156 0.3333333333333333 0.040865384615384616 0.16666666666666666
0 0.12740384615384615 0.6452991452991453 0.06490384615384616 0.23504273504273504
0 0.07211538461538461 0.6239316239316239 0.05048076923076923 0.2222222222222222