0 0.6009615384615384 0.6068376068376068 0.04807692307692308 0.23076923076923078
0 0.4831730769230769 0.4230769230769231 0.03365384615384615 0.18376068376068377
0 0.4879807692307692 0.2948717948717949 0.03125 0.1581196581196581
0 0.6514423076923077 0.36752136752136755 0.05048076923076923 0.20085470085470086
0 0.5384615384615384 0.09401709401709402 0.02403846153846154 0.12393162393162394
0 0.6081730769230769 0.10683760683760683 0.026442307692307692 0.13675213675213677
0 0.6370192307692307 0.042735042735042736 0.021634615384615384 0.08547008547008547
0 0.6201923076923077 0.049145299145299144 0.02403846153846154 0.09829059829059829
0 0.7019230769230769 0.16666666666666666 0.026442307692307692 0.15384615384615385
0 0.71875 0.08974358974358974 0.021634615384615384 0.11965811965811966
0 0.7331730769230769 0.1794871794871795 0.028846153846153848 0.14957264957264957
0 0.84375 0.17094017094017094 0.026442307692307692 0.13675213675213677
0 0.9038461538461539 0.19230769230769232 0.03365384615384615 0.13675213675213677