0 0.9567307692307693 0.37606837606837606 0.055288461538461536 0.18376068376068377
0 0.8966346153846154 0.44017094017094016 0.04567307692307692 0.18376068376068377
0 0.8052884615384616 0.29914529914529914 0.03365384615384615 0.14957264957264957
0 0.7716346153846154 0.3034188034188034 0.038461538461538464 0.1794871794871795
0 0.7235576923076923 0.32905982905982906 0.038461538461538464 0.16666666666666666
0 0.7427884615384616 0.24786324786324787 0.028846153846153848 0.13675213675213677
0 0.7163461538461539 0.24786324786324787 0.026442307692307692 0.1452991452991453
0 0.6899038461538461 0.26495726495726496 0.028846153846153848 0.14102564102564102
0 0.6081730769230769 0.28205128205128205 0.03365384615384615 0.16666666666666666
0 0.5697115384615384 0.27350427350427353 0.03125 0.16666666666666666
0 0.5456730769230769 0.1581196581196581 0.03365384615384615 0.1282051282051282
0 0.6418269230769231 0.5299145299145299 0.052884615384615384 0.21367521367521367
0 0.8774038461538461 0.9188034188034188 0.04567307692307692 0.15384615384615385
0 0.19951923076923078 0.7094017094017094 0.052884615384615384 0.2564102564102564
0 0.1971153846153846 0.5982905982905983 0.0625 0.2264957264957265
0 0.1466346153846154 0.38461538461538464 0.028846153846153848 0.19230769230769232
0 0.10817307692307693 0.3803418803418803 0.03365384615384615 0.1794871794871795
0 0.06971153846153846 0.43162393162393164 0.03365384615384615 0.18376068376068377
0 0.12980769230769232 0.28205128205128205 0.038461538461538464 0.17094017094017094
0 0.08173076923076923 0.32051282051282054 0.028846153846153848 0.1581196581196581
0 0.055288461538461536 0.36324786324786323 0.028846153846153848 0.1752136752136752
0 0.06009615384615385 0.19230769230769232 0.026442307692307692 0.16666666666666666