0 0.026442307692307692 0.7564102564102564 0.052884615384615384 0.24786324786324787
0 0.026442307692307692 0.5085470085470085 0.04326923076923077 0.20085470085470086
0 0.036057692307692304 0.44017094017094016 0.057692307692307696 0.18376068376068377
0 0.07451923076923077 0.3803418803418803 0.038461538461538464 0.1623931623931624
0 0.12740384615384615 0.3547008547008547 0.040865384615384616 0.1581196581196581
0 0.34134615384615385 0.2222222222222222 0.028846153846153848 0.1581196581196581
0 0.41346153846153844 0.17094017094017094 0.03365384615384615 0.13247863247863248
0 0.4254807692307692 0.2692307692307692 0.036057692307692304 0.16666666666666666
0 0.49759615384615385 0.1752136752136752 0.026442307692307692 0.13675213675213677
0 0.5144230769230769 0.1581196581196581 0.028846153846153848 0.13675213675213677
0 0.5673076923076923 0.36752136752136755 0.03125 0.18376068376068377
0 0.6370192307692307 0.39316239316239315 0.04567307692307692 0.19230769230769232
0 0.7091346153846154 0.2905982905982906 0.036057692307692304 0.17094017094017094
0 0.7716346153846154 0.15384615384615385 0.038461538461538464 0.15384615384615385
0 0.9495192307692307 0.31196581196581197 0.038461538461538464 0.1581196581196581