0 0.33413461538461536 0.053418803418803416 0.02403846153846154 0.10683760683760683
0 0.3629807692307692 0.05555555555555555 0.016826923076923076 0.1111111111111111
0 0.39663461538461536 0.053418803418803416 0.02403846153846154 0.10683760683760683
0 0.4182692307692308 0.05128205128205128 0.016826923076923076 0.10256410256410256
0 0.44471153846153844 0.05128205128205128 0.019230769230769232 0.10256410256410256
0 0.46875 0.0641025641025641 0.021634615384615384 0.10256410256410256
0 0.49038461538461536 0.12393162393162394 0.026442307692307692 0.1282051282051282
0 0.5528846153846154 0.13675213675213677 0.02403846153846154 0.11538461538461539
0 0.5673076923076923 0.10683760683760683 0.021634615384615384 0.11538461538461539
0 0.6634615384615384 0.20512820512820512 0.03125 0.1282051282051282
0 0.5456730769230769 0.28205128205128205 0.040865384615384616 0.1452991452991453
0 0.5552884615384616 0.3717948717948718 0.03365384615384615 0.1623931623931624
0 0.8341346153846154 0.3162393162393162 0.038461538461538464 0.17094017094017094
0 0.78125 0.31196581196581197 0.04567307692307692 0.18376068376068377
0 0.7163461538461539 0.37606837606837606 0.04567307692307692 0.19230769230769232
0 0.6778846153846154 0.46153846153846156 0.05048076923076923 0.20085470085470086
0 0.28846153846153844 0.24786324786324787 0.03125 0.1623931623931624
0 0.25240384615384615 0.05128205128205128 0.03125 0.10256410256410256
0 0.22596153846153846 0.11965811965811966 0.03125 0.1282051282051282
0 0.1875 0.1111111111111111 0.026442307692307692 0.11965811965811966
0 0.18509615384615385 0.15384615384615385 0.028846153846153848 0.1282051282051282
0 0.15384615384615385 0.14957264957264957 0.02403846153846154 0.12393162393162394
0 0.10336538461538461 0.36324786324786323 0.036057692307692304 0.17094017094017094
0 0.12740384615384615 0.8162393162393162 0.0625 0.2564102564102564