0 0.7331730769230769 0.6452991452991453 0.0625 0.2777777777777778
0 0.8173076923076923 0.8717948717948718 0.057692307692307696 0.25213675213675213
0 0.9230769230769231 0.5854700854700855 0.040865384615384616 0.2094017094017094
0 0.9375 0.3034188034188034 0.038461538461538464 0.1623931623931624
0 0.7668269230769231 0.23504273504273504 0.038461538461538464 0.14957264957264957
0 0.6682692307692307 0.10683760683760683 0.03125 0.13247863247863248
0 0.33653846153846156 0.23931623931623933 0.036057692307692304 0.15384615384615385
0 0.2932692307692308 0.27350427350427353 0.040865384615384616 0.1623931623931624
0 0.1658653846153846 0.3162393162393162 0.03365384615384615 0.1623931623931624
0 0.18509615384615385 0.44017094017094016 0.04326923076923077 0.1794871794871795
0 0.23076923076923078 0.6025641025641025 0.05048076923076923 0.20512820512820512
0 0.040865384615384616 0.8162393162393162 0.0625 0.27350427350427353
0 0.10576923076923077 0.8205128205128205 0.08413461538461539 0.3034188034188034