0 0.0889423076923077 0.3974358974358974 0.05048076923076923 0.18376068376068377
0 0.11057692307692307 0.2863247863247863 0.03365384615384615 0.16666666666666666
0 0.1658653846153846 0.17094017094017094 0.03365384615384615 0.12393162393162394
0 0.14903846153846154 0.042735042735042736 0.02403846153846154 0.08547008547008547
0 0.47836538461538464 0.1111111111111111 0.036057692307692304 0.11538461538461539
0 0.5240384615384616 0.08974358974358974 0.016826923076923076 0.13247863247863248
0 0.5072115384615384 0.09829059829059829 0.019230769230769232 0.1111111111111111
0 0.5793269230769231 0.12393162393162394 0.026442307692307692 0.13247863247863248
0 0.5528846153846154 0.1282051282051282 0.026442307692307692 0.14102564102564102
0 0.6129807692307693 0.18376068376068377 0.019230769230769232 0.12393162393162394
0 0.5913461538461539 0.19658119658119658 0.02403846153846154 0.11538461538461539
0 0.4206730769230769 0.6538461538461539 0.052884615384615384 0.2863247863247863
0 0.6225961538461539 0.4829059829059829 0.036057692307692304 0.19658119658119658
0 0.6009615384615384 0.9188034188034188 0.07211538461538461 0.14957264957264957
0 0.7403846153846154 0.2905982905982906 0.038461538461538464 0.1752136752136752
0 0.8870192307692307 0.4017094017094017 0.052884615384615384 0.17094017094017094