0 0.9759615384615384 0.41025641025641024 0.04326923076923077 0.20512820512820512
0 0.9326923076923077 0.4230769230769231 0.04326923076923077 0.18376068376068377
0 0.8100961538461539 0.27350427350427353 0.038461538461538464 0.16666666666666666
0 0.7932692307692307 0.3247863247863248 0.03365384615384615 0.19230769230769232
0 0.7716346153846154 0.3333333333333333 0.03365384615384615 0.18376068376068377
0 0.7451923076923077 0.29914529914529914 0.026442307692307692 0.15384615384615385
0 0.7692307692307693 0.2905982905982906 0.03125 0.1623931623931624
0 0.5865384615384616 0.1581196581196581 0.03125 0.11538461538461539
0 0.5649038461538461 0.31196581196581197 0.036057692307692304 0.16666666666666666
0 0.5384615384615384 0.32051282051282054 0.04567307692307692 0.1752136752136752
0 0.3173076923076923 0.29914529914529914 0.040865384615384616 0.15384615384615385
0 0.34615384615384615 0.46153846153846156 0.036057692307692304 0.20512820512820512
0 0.23076923076923078 0.2692307692307692 0.03365384615384615 0.1623931623931624
0 0.19951923076923078 0.08547008547008547 0.03125 0.11965811965811966
0 0.5240384615384616 0.09401709401709402 0.016826923076923076 0.11538461538461539
0 0.3870192307692308 0.9273504273504274 0.05048076923076923 0.13675213675213677