0 0.9399038461538461 0.6153846153846154 0.04567307692307692 0.2222222222222222
0 0.8245192307692307 0.36752136752136755 0.04567307692307692 0.17094017094017094
0 0.7836538461538461 0.38461538461538464 0.036057692307692304 0.1752136752136752
0 0.6394230769230769 0.15384615384615385 0.028846153846153848 0.15384615384615385
0 0.5432692307692307 0.1452991452991453 0.028846153846153848 0.1452991452991453
0 0.5192307692307693 0.08547008547008547 0.02403846153846154 0.09829059829059829
0 0.46875 0.05982905982905983 0.026442307692307692 0.10256410256410256
0 0.07211538461538461 0.2094017094017094 0.026442307692307692 0.16666666666666666
0 0.10096153846153846 0.28205128205128205 0.038461538461538464 0.17094017094017094
0 0.21875 0.8376068376068376 0.06971153846153846 0.2564102564102564
0 0.1466346153846154 0.8376068376068376 0.0625 0.23931623931623933
0 0.2091346153846154 0.7264957264957265 0.05048076923076923 0.25213675213675213
0 0.15144230769230768 0.7307692307692307 0.052884615384615384 0.2264957264957265
0 0.9759615384615384 0.6175213675213675 0.04326923076923077 0.2606837606837607