0 0.5769230769230769 0.6025641025641025 0.04807692307692308 0.2094017094017094
0 0.12259615384615384 0.4829059829059829 0.040865384615384616 0.19658119658119658
0 0.13221153846153846 0.6367521367521367 0.055288461538461536 0.24358974358974358
0 0.21153846153846154 0.8162393162393162 0.04567307692307692 0.26495726495726496
0 0.2644230769230769 0.8931623931623932 0.057692307692307696 0.20512820512820512
0 0.33413461538461536 0.8803418803418803 0.052884615384615384 0.2264957264957265
0 0.06009615384615385 0.48717948717948717 0.038461538461538464 0.2094017094017094
0 0.05048076923076923 0.23504273504273504 0.03125 0.1452991452991453
0 0.08173076923076923 0.2222222222222222 0.03125 0.13247863247863248
0 0.11057692307692307 0.18803418803418803 0.026442307692307692 0.13675213675213677
0 0.1346153846153846 0.19230769230769232 0.028846153846153848 0.13675213675213677
0 0.20192307692307693 0.13247863247863248 0.026442307692307692 0.1452991452991453
0 0.34615384615384615 0.14957264957264957 0.038461538461538464 0.1452991452991453
0 0.42788461538461536 0.1752136752136752 0.028846153846153848 0.13247863247863248
0 0.40384615384615385 0.1111111111111111 0.026442307692307692 0.1282051282051282
0 0.38221153846153844 0.049145299145299144 0.028846153846153848 0.09829059829059829
0 0.4495192307692308 0.11538461538461539 0.02403846153846154 0.13247863247863248
0 0.47115384615384615 0.10683760683760683 0.026442307692307692 0.1111111111111111
0 0.4951923076923077 0.11538461538461539 0.026442307692307692 0.12393162393162394
0 0.5264423076923077 0.10256410256410256 0.026442307692307692 0.1111111111111111
0 0.5769230769230769 0.18803418803418803 0.026442307692307692 0.13675213675213677
0 0.6322115384615384 0.1752136752136752 0.036057692307692304 0.14102564102564102
0 0.6802884615384616 0.18376068376068377 0.028846153846153848 0.13675213675213677