0 0.019230769230769232 0.47435897435897434 0.038461538461538464 0.19658119658119658
0 0.08653846153846154 0.4188034188034188 0.055288461538461536 0.20512820512820512
0 0.33653846153846156 0.44871794871794873 0.04326923076923077 0.2094017094017094
0 0.3557692307692308 0.21367521367521367 0.036057692307692304 0.1111111111111111
0 0.4182692307692308 0.09401709401709402 0.019230769230769232 0.11965811965811966
0 0.5576923076923077 0.14957264957264957 0.026442307692307692 0.13247863247863248
0 0.5913461538461539 0.14102564102564102 0.026442307692307692 0.13675213675213677
0 0.6322115384615384 0.1282051282051282 0.026442307692307692 0.13247863247863248
0 0.8028846153846154 0.11538461538461539 0.02403846153846154 0.1282051282051282
0 0.8269230769230769 0.1111111111111111 0.026442307692307692 0.1282051282051282
0 0.8509615384615384 0.0641025641025641 0.021634615384615384 0.1111111111111111
0 0.8341346153846154 0.5213675213675214 0.040865384615384616 0.2094017094017094
0 0.8413461538461539 0.7264957264957265 0.06009615384615385 0.25213675213675213
0 0.8798076923076923 0.8589743589743589 0.05048076923076923 0.23076923076923078
0 0.7355769230769231 0.8589743589743589 0.06490384615384616 0.23076923076923078
0 0.5384615384615384 0.9188034188034188 0.06490384615384616 0.15384615384615385