0 0.9471153846153846 0.5213675213675214 0.04567307692307692 0.19658119658119658
0 0.9759615384615384 0.5128205128205128 0.04326923076923077 0.24786324786324787
0 0.8293269230769231 0.31196581196581197 0.038461538461538464 0.17094017094017094
0 0.7716346153846154 0.3247863247863248 0.038461538461538464 0.16666666666666666
0 0.7067307692307693 0.2222222222222222 0.036057692307692304 0.16666666666666666
0 0.65625 0.16666666666666666 0.028846153846153848 0.14102564102564102
0 0.6322115384615384 0.1794871794871795 0.03365384615384615 0.1282051282051282
0 0.47836538461538464 0.15384615384615385 0.026442307692307692 0.13675213675213677
0 0.4543269230769231 0.1623931623931624 0.03125 0.13247863247863248
0 0.3798076923076923 0.16666666666666666 0.038461538461538464 0.1452991452991453
0 0.45913461538461536 0.5555555555555556 0.05048076923076923 0.2094017094017094
0 0.16105769230769232 0.5726495726495726 0.05048076923076923 0.20512820512820512
0 0.08173076923076923 0.7094017094017094 0.04567307692307692 0.2094017094017094
0 0.10096153846153846 0.33760683760683763 0.036057692307692304 0.16666666666666666
0 0.1971153846153846 0.23076923076923078 0.036057692307692304 0.1452991452991453
0 0.15144230769230768 0.1282051282051282 0.03125 0.13675213675213677
0 0.038461538461538464 0.3333333333333333 0.04567307692307692 0.18803418803418803