0 0.4230769230769231 0.6025641025641025 0.04807692307692308 0.2094017094017094
0 0.8774038461538461 0.4829059829059829 0.040865384615384616 0.19658119658119658
0 0.8677884615384616 0.6367521367521367 0.055288461538461536 0.24358974358974358
0 0.7884615384615384 0.8162393162393162 0.04567307692307692 0.26495726495726496
0 0.7355769230769231 0.8931623931623932 0.057692307692307696 0.20512820512820512
0 0.6658653846153846 0.8803418803418803 0.052884615384615384 0.2264957264957265
0 0.9399038461538461 0.48717948717948717 0.038461538461538464 0.2094017094017094
0 0.9495192307692307 0.23504273504273504 0.03125 0.1452991452991453
0 0.9182692307692307 0.2222222222222222 0.03125 0.13247863247863248
0 0.8894230769230769 0.18803418803418803 0.026442307692307692 0.13675213675213677
0 0.8653846153846154 0.19230769230769232 0.028846153846153848 0.13675213675213677
0 0.7980769230769231 0.13247863247863248 0.026442307692307692 0.1452991452991453
0 0.6538461538461539 0.14957264957264957 0.038461538461538464 0.1452991452991453
0 0.5721153846153846 0.1752136752136752 0.028846153846153848 0.13247863247863248
0 0.5961538461538461 0.1111111111111111 0.026442307692307692 0.1282051282051282
0 0.6177884615384616 0.049145299145299144 0.028846153846153848 0.09829059829059829
0 0.5504807692307693 0.11538461538461539 0.02403846153846154 0.13247863247863248
0 0.5288461538461539 0.10683760683760683 0.026442307692307692 0.1111111111111111
0 0.5048076923076923 0.11538461538461539 0.026442307692307692 0.12393162393162394
0 0.4735576923076923 0.10256410256410256 0.026442307692307692 0.1111111111111111
0 0.4230769230769231 0.18803418803418803 0.026442307692307692 0.13675213675213677
0 0.36778846153846156 0.1752136752136752 0.036057692307692304 0.14102564102564102
0 0.31971153846153844 0.18376068376068377 0.028846153846153848 0.13675213675213677