0 0.14423076923076922 0.717948717948718 0.06009615384615385 0.23931623931623933
0 0.08413461538461539 0.3247863247863248 0.036057692307692304 0.1623931623931624
0 0.125 0.1623931623931624 0.021634615384615384 0.13247863247863248
0 0.15625 0.1623931623931624 0.02403846153846154 0.11538461538461539
0 0.16826923076923078 0.13247863247863248 0.026442307692307692 0.11538461538461539
0 0.20673076923076922 0.13247863247863248 0.03125 0.1282051282051282
0 0.2644230769230769 0.2222222222222222 0.03125 0.1581196581196581
0 0.27403846153846156 0.07264957264957266 0.028846153846153848 0.12393162393162394
0 0.35096153846153844 0.0641025641025641 0.026442307692307692 0.11965811965811966
0 0.38221153846153844 0.0641025641025641 0.021634615384615384 0.12393162393162394
0 0.4110576923076923 0.06837606837606838 0.021634615384615384 0.1111111111111111
0 0.43509615384615385 0.05982905982905983 0.021634615384615384 0.11965811965811966
0 0.453125 0.053418803418803416 0.021634615384615384 0.10683760683760683
0 0.5120192307692307 0.13675213675213677 0.03365384615384615 0.12393162393162394
0 0.5120192307692307 0.2606837606837607 0.040865384615384616 0.1581196581196581
0 0.5913461538461539 0.12393162393162394 0.02403846153846154 0.11538461538461539
0 0.5216346153846154 0.10256410256410256 0.026442307692307692 0.1111111111111111
0 0.6225961538461539 0.1752136752136752 0.028846153846153848 0.11538461538461539
0 0.5817307692307693 0.4188034188034188 0.036057692307692304 0.18376068376068377
0 0.7427884615384616 0.5299145299145299 0.052884615384615384 0.2222222222222222
0 0.7764423076923077 0.4188034188034188 0.04326923076923077 0.19230769230769232
0 0.7764423076923077 0.2692307692307692 0.040865384615384616 0.15384615384615385
0 0.8389423076923077 0.3547008547008547 0.040865384615384616 0.19230769230769232