0 0.057692307692307696 0.3803418803418803 0.040865384615384616 0.1794871794871795
0 0.09375 0.44017094017094016 0.04326923076923077 0.2264957264957265
0 0.125 0.4444444444444444 0.036057692307692304 0.18803418803418803
0 0.15144230769230768 0.3888888888888889 0.040865384615384616 0.17094017094017094
0 0.11778846153846154 0.37606837606837606 0.03125 0.14957264957264957
0 0.19230769230769232 0.2777777777777778 0.03125 0.17094017094017094
0 0.2860576923076923 0.21367521367521367 0.03125 0.15384615384615385
0 0.3173076923076923 0.24358974358974358 0.036057692307692304 0.1282051282051282
0 0.4855769230769231 0.2094017094017094 0.03365384615384615 0.16666666666666666
0 0.5192307692307693 0.2094017094017094 0.03365384615384615 0.15384615384615385
0 0.6129807692307693 0.43162393162393164 0.04567307692307692 0.18376068376068377
0 0.6995192307692307 0.13247863247863248 0.028846153846153848 0.14102564102564102
0 0.7548076923076923 0.3076923076923077 0.03125 0.1794871794871795
0 0.8221153846153846 0.18376068376068377 0.03365384615384615 0.14957264957264957
0 0.9302884615384616 0.26495726495726496 0.028846153846153848 0.1623931623931624
0 0.9230769230769231 0.5982905982905983 0.055288461538461536 0.23076923076923078
0 0.7884615384615384 0.717948717948718 0.0625 0.2222222222222222