0 0.9423076923076923 0.4017094017094017 0.040865384615384616 0.1623931623931624
0 0.75 0.2777777777777778 0.03125 0.1452991452991453
0 0.5336538461538461 0.8717948717948718 0.06009615384615385 0.24786324786324787
0 0.22355769230769232 0.8418803418803419 0.07692307692307693 0.24358974358974358
0 0.23557692307692307 0.6282051282051282 0.040865384615384616 0.24786324786324787
0 0.1875 0.6324786324786325 0.05048076923076923 0.2222222222222222
0 0.16826923076923078 0.5299145299145299 0.036057692307692304 0.18376068376068377
0 0.10336538461538461 0.717948717948718 0.055288461538461536 0.24786324786324787
0 0.14903846153846154 0.07692307692307693 0.02403846153846154 0.12393162393162394
0 0.04326923076923077 0.17094017094017094 0.038461538461538464 0.1452991452991453
0 0.07692307692307693 0.26495726495726496 0.036057692307692304 0.15384615384615385
0 0.04807692307692308 0.25213675213675213 0.028846153846153848 0.1452991452991453
0 0.038461538461538464 0.29914529914529914 0.03365384615384615 0.14957264957264957
0 0.10576923076923077 0.3333333333333333 0.040865384615384616 0.1581196581196581
0 0.10817307692307693 0.44017094017094016 0.04807692307692308 0.16666666666666666
0 0.0985576923076923 0.5512820512820513 0.052884615384615384 0.1794871794871795
0 0.4495192307692308 0.2777777777777778 0.04567307692307692 0.17094017094017094
0 0.6586538461538461 0.23076923076923078 0.03125 0.1282051282051282
0 0.6274038461538461 0.14957264957264957 0.03125 0.14102564102564102
0 0.5793269230769231 0.1623931623931624 0.028846153846153848 0.1452991452991453
0 0.5480769230769231 0.16666666666666666 0.03125 0.13675213675213677
0 0.5048076923076923 0.1752136752136752 0.026442307692307692 0.14957264957264957
0 0.46634615384615385 0.17094017094017094 0.028846153846153848 0.13247863247863248
0 0.5264423076923077 0.09829059829059829 0.03125 0.13675213675213677
0 0.44471153846153844 0.08547008547008547 0.026442307692307692 0.11538461538461539
0 0.3918269230769231 0.10683760683760683 0.03365384615384615 0.12393162393162394