0 0.8966346153846154 0.37606837606837606 0.036057692307692304 0.18376068376068377
0 0.84375 0.3974358974358974 0.04567307692307692 0.1752136752136752
0 0.7716346153846154 0.24786324786324787 0.03365384615384615 0.14957264957264957
0 0.7884615384615384 0.41452991452991456 0.038461538461538464 0.19230769230769232
0 0.7307692307692307 0.405982905982906 0.038461538461538464 0.18376068376068377
0 0.6730769230769231 0.23504273504273504 0.036057692307692304 0.1282051282051282
0 0.6370192307692307 0.1794871794871795 0.028846153846153848 0.12393162393162394
0 0.5769230769230769 0.14102564102564102 0.026442307692307692 0.11965811965811966
0 0.42788461538461536 0.057692307692307696 0.028846153846153848 0.11538461538461539
0 0.12980769230769232 0.1752136752136752 0.028846153846153848 0.15384615384615385
0 0.07211538461538461 0.20085470085470086 0.03125 0.16666666666666666
0 0.04807692307692308 0.21794871794871795 0.026442307692307692 0.1581196581196581
0 0.18269230769230768 0.44871794871794873 0.04567307692307692 0.2094017094017094
0 0.375 0.8504273504273504 0.055288461538461536 0.2863247863247863
0 0.1466346153846154 0.5769230769230769 0.04567307692307692 0.21367521367521367
0 0.1201923076923077 0.42735042735042733 0.04807692307692308 0.18376068376068377
0 0.125 0.5042735042735043 0.04326923076923077 0.19230769230769232
0 0.07932692307692307 0.5128205128205128 0.040865384615384616 0.19230769230769232
0 0.052884615384615384 0.5726495726495726 0.03125 0.18803418803418803