0 0.8197115384615384 0.39316239316239315 0.040865384615384616 0.19658119658119658
0 0.8125 0.32051282051282054 0.028846153846153848 0.1581196581196581
0 0.6995192307692307 0.25213675213675213 0.028846153846153848 0.16666666666666666
0 0.6730769230769231 0.24358974358974358 0.028846153846153848 0.1282051282051282
0 0.6538461538461539 0.1752136752136752 0.02403846153846154 0.1452991452991453
0 0.6177884615384616 0.1752136752136752 0.03365384615384615 0.13675213675213677
0 0.6177884615384616 0.13247863247863248 0.026442307692307692 0.12393162393162394
0 0.5625 0.12393162393162394 0.021634615384615384 0.13675213675213677
0 0.5408653846153846 0.13675213675213677 0.021634615384615384 0.11538461538461539
0 0.5216346153846154 0.1111111111111111 0.02403846153846154 0.10256410256410256
0 0.42788461538461536 0.0811965811965812 0.03125 0.11965811965811966
0 0.17548076923076922 0.0641025641025641 0.026442307692307692 0.11538461538461539
0 0.15865384615384615 0.15384615384615385 0.028846153846153848 0.1282051282051282
0 0.08413461538461539 0.23076923076923078 0.026442307692307692 0.1623931623931624
0 0.1201923076923077 0.49145299145299143 0.05048076923076923 0.20512820512820512
0 0.06490384615384616 0.5085470085470085 0.040865384615384616 0.20085470085470086
0 0.3125 0.4230769230769231 0.04567307692307692 0.2094017094017094
0 0.4879807692307692 0.7692307692307693 0.06009615384615385 0.2564102564102564
0 0.7043269230769231 0.6196581196581197 0.04326923076923077 0.23504273504273504
0 0.7235576923076923 0.9145299145299145 0.07211538461538461 0.1581196581196581
0 0.6394230769230769 0.9529914529914529 0.06971153846153846 0.08974358974358974