0 0.02403846153846154 0.4188034188034188 0.036057692307692304 0.17094017094017094
0 0.07932692307692307 0.38461538461538464 0.03365384615384615 0.1581196581196581
0 0.11538461538461539 0.4658119658119658 0.038461538461538464 0.19658119658119658
0 0.125 0.6837606837606838 0.0625 0.23504273504273504
0 0.36778846153846156 0.19658119658119658 0.026442307692307692 0.14957264957264957
0 0.4423076923076923 0.15384615384615385 0.026442307692307692 0.14102564102564102
0 0.4567307692307692 0.23931623931623933 0.03365384615384615 0.16666666666666666
0 0.5264423076923077 0.1452991452991453 0.03125 0.13675213675213677
0 0.5456730769230769 0.13247863247863248 0.026442307692307692 0.1282051282051282
0 0.5889423076923077 0.3247863247863248 0.03125 0.1794871794871795
0 0.6442307692307693 0.34615384615384615 0.040865384615384616 0.19230769230769232
0 0.7067307692307693 0.3333333333333333 0.040865384615384616 0.1752136752136752
0 0.7572115384615384 0.1794871794871795 0.040865384615384616 0.16666666666666666
0 0.9278846153846154 0.28205128205128205 0.036057692307692304 0.1581196581196581