0 0.9627403846153846 0.6538461538461539 0.06971153846153846 0.24786324786324787
0 0.75 0.5811965811965812 0.04567307692307692 0.23504273504273504
0 0.6995192307692307 0.594017094017094 0.05048076923076923 0.2564102564102564
0 0.7259615384615384 0.29914529914529914 0.038461538461538464 0.1581196581196581
0 0.5697115384615384 0.46153846153846156 0.04567307692307692 0.18376068376068377
0 0.6033653846153846 0.19658119658119658 0.036057692307692304 0.13247863247863248
0 0.5600961538461539 0.1581196581196581 0.03125 0.14102564102564102
0 0.41346153846153844 0.1623931623931624 0.03125 0.1452991452991453
0 0.47115384615384615 0.0811965811965812 0.02403846153846154 0.1111111111111111
0 0.18028846153846154 0.15384615384615385 0.03365384615384615 0.12393162393162394
0 0.16826923076923078 0.41025641025641024 0.04326923076923077 0.21794871794871795
0 0.1201923076923077 0.4188034188034188 0.036057692307692304 0.1794871794871795
0 0.08653846153846154 0.6153846153846154 0.04807692307692308 0.23076923076923078
0 0.16826923076923078 0.7735042735042735 0.06971153846153846 0.2564102564102564