0 0.20192307692307693 0.28205128205128205 0.036057692307692304 0.1452991452991453
0 0.36538461538461536 0.3333333333333333 0.03365384615384615 0.1581196581196581
0 0.41346153846153844 0.3333333333333333 0.028846153846153848 0.1752136752136752
0 0.6177884615384616 0.6495726495726496 0.038461538461538464 0.2264957264957265
0 0.8149038461538461 0.7264957264957265 0.057692307692307696 0.2777777777777778
0 0.9134615384615384 0.36324786324786323 0.040865384615384616 0.16666666666666666
0 0.9567307692307693 0.2863247863247863 0.036057692307692304 0.13675213675213677
0 0.9519230769230769 0.2094017094017094 0.028846153846153848 0.14102564102564102
0 0.7067307692307693 0.24786324786324787 0.03125 0.1581196581196581
0 0.6995192307692307 0.3547008547008547 0.03365384615384615 0.1752136752136752
0 0.6634615384615384 0.34615384615384615 0.028846153846153848 0.1623931623931624
0 0.5961538461538461 0.20512820512820512 0.03125 0.1623931623931624
0 0.5769230769230769 0.13675213675213677 0.03365384615384615 0.1452991452991453
0 0.5745192307692307 0.042735042735042736 0.026442307692307692 0.08547008547008547