0 0.026442307692307692 0.42735042735042733 0.038461538461538464 0.1794871794871795
0 0.20192307692307693 0.42735042735042733 0.04326923076923077 0.18803418803418803
0 0.21153846153846154 0.6239316239316239 0.055288461538461536 0.2264957264957265
0 0.3942307692307692 0.1623931623931624 0.02403846153846154 0.13247863247863248
0 0.46153846153846156 0.12393162393162394 0.028846153846153848 0.1282051282051282
0 0.4951923076923077 0.2094017094017094 0.028846153846153848 0.16666666666666666
0 0.6081730769230769 0.2863247863247863 0.03125 0.1752136752136752
0 0.5528846153846154 0.1282051282051282 0.026442307692307692 0.13675213675213677
0 0.5697115384615384 0.1111111111111111 0.028846153846153848 0.13247863247863248
0 0.6538461538461539 0.3076923076923077 0.038461538461538464 0.1752136752136752
0 0.6995192307692307 0.3717948717948718 0.04326923076923077 0.1752136752136752
0 0.7451923076923077 0.2094017094017094 0.04567307692307692 0.1752136752136752
0 0.90625 0.2564102564102564 0.040865384615384616 0.14102564102564102