0 0.8317307692307693 0.3034188034188034 0.04807692307692308 0.1623931623931624
0 0.8317307692307693 0.36324786324786323 0.03125 0.16666666666666666
0 0.6105769230769231 0.2905982905982906 0.03365384615384615 0.16666666666666666
0 0.5697115384615384 0.3034188034188034 0.028846153846153848 0.15384615384615385
0 0.8341346153846154 0.8589743589743589 0.06971153846153846 0.26495726495726496
0 0.5216346153846154 0.4658119658119658 0.05048076923076923 0.20085470085470086
0 0.5240384615384616 0.14102564102564102 0.036057692307692304 0.14102564102564102
0 0.22596153846153846 0.10256410256410256 0.036057692307692304 0.14102564102564102
0 0.125 0.18803418803418803 0.036057692307692304 0.1581196581196581
0 0.04567307692307692 0.2564102564102564 0.03365384615384615 0.1752136752136752
0 0.1346153846153846 0.6794871794871795 0.055288461538461536 0.23076923076923078
0 0.2860576923076923 0.06837606837606838 0.02403846153846154 0.10683760683760683
0 0.47596153846153844 0.057692307692307696 0.028846153846153848 0.11538461538461539