0 0.13942307692307693 0.47863247863247865 0.040865384615384616 0.19658119658119658
0 0.1971153846153846 0.3076923076923077 0.03365384615384615 0.1623931623931624
0 0.2644230769230769 0.25213675213675213 0.03365384615384615 0.13247863247863248
0 0.3557692307692308 0.19230769230769232 0.026442307692307692 0.14957264957264957
0 0.3798076923076923 0.19230769230769232 0.026442307692307692 0.1282051282051282
0 0.40384615384615385 0.17094017094017094 0.021634615384615384 0.1111111111111111
0 0.4182692307692308 0.19230769230769232 0.03365384615384615 0.11965811965811966
0 0.5384615384615384 0.09829059829059829 0.019230769230769232 0.11538461538461539
0 0.5552884615384616 0.1282051282051282 0.028846153846153848 0.1282051282051282
0 0.6466346153846154 0.1581196581196581 0.03125 0.13675213675213677
0 0.6730769230769231 0.049145299145299144 0.019230769230769232 0.09829059829059829
0 0.6875 0.1623931623931624 0.03125 0.15384615384615385
0 0.44711538461538464 0.8547008547008547 0.0625 0.28205128205128205
0 0.7764423076923077 0.19658119658119658 0.03125 0.14957264957264957
0 0.7788461538461539 0.14102564102564102 0.02403846153846154 0.12393162393162394
0 0.8725961538461539 0.14957264957264957 0.036057692307692304 0.1282051282051282
0 0.8798076923076923 0.20085470085470086 0.03125 0.13675213675213677
0 0.9591346153846154 0.2564102564102564 0.03125 0.1452991452991453