0 0.02403846153846154 0.41025641025641024 0.04326923076923077 0.20512820512820512
0 0.0673076923076923 0.4230769230769231 0.04326923076923077 0.18376068376068377
0 0.18990384615384615 0.27350427350427353 0.038461538461538464 0.16666666666666666
0 0.20673076923076922 0.3247863247863248 0.03365384615384615 0.19230769230769232
0 0.2283653846153846 0.3333333333333333 0.03365384615384615 0.18376068376068377
0 0.2548076923076923 0.29914529914529914 0.026442307692307692 0.15384615384615385
0 0.23076923076923078 0.2905982905982906 0.03125 0.1623931623931624
0 0.41346153846153844 0.1581196581196581 0.03125 0.11538461538461539
0 0.43509615384615385 0.31196581196581197 0.036057692307692304 0.16666666666666666
0 0.46153846153846156 0.32051282051282054 0.04567307692307692 0.1752136752136752
0 0.6826923076923077 0.29914529914529914 0.040865384615384616 0.15384615384615385
0 0.6538461538461539 0.46153846153846156 0.036057692307692304 0.20512820512820512
0 0.7692307692307693 0.2692307692307692 0.03365384615384615 0.1623931623931624
0 0.8004807692307693 0.08547008547008547 0.03125 0.11965811965811966
0 0.47596153846153844 0.09401709401709402 0.016826923076923076 0.11538461538461539
0 0.6129807692307693 0.9273504273504274 0.05048076923076923 0.13675213675213677