0 0.08173076923076923 0.3504273504273504 0.03125 0.1794871794871795
0 0.1201923076923077 0.36324786324786323 0.038461538461538464 0.18376068376068377
0 0.1778846153846154 0.3547008547008547 0.036057692307692304 0.17094017094017094
0 0.20192307692307693 0.38461538461538464 0.03365384615384615 0.1581196581196581
0 0.30288461538461536 0.38461538461538464 0.04567307692307692 0.18803418803418803
0 0.4495192307692308 0.3717948717948718 0.036057692307692304 0.18376068376068377
0 0.41346153846153844 0.13675213675213677 0.02403846153846154 0.12393162393162394
0 0.43990384615384615 0.1794871794871795 0.028846153846153848 0.13247863247863248
0 0.4855769230769231 0.2564102564102564 0.03365384615384615 0.15384615384615385
0 0.5 0.38461538461538464 0.04326923076923077 0.20512820512820512
0 0.5024038461538461 0.08974358974358974 0.026442307692307692 0.10256410256410256
0 0.5552884615384616 0.07264957264957266 0.028846153846153848 0.1282051282051282
0 0.6105769230769231 0.18376068376068377 0.026442307692307692 0.1452991452991453
0 0.5985576923076923 0.31196581196581197 0.03125 0.1452991452991453
0 0.7548076923076923 0.0811965811965812 0.026442307692307692 0.12393162393162394
0 0.8509615384615384 0.07692307692307693 0.028846153846153848 0.10683760683760683
0 0.9206730769230769 0.44871794871794873 0.04807692307692308 0.20085470085470086
0 0.7956730769230769 0.6752136752136753 0.06009615384615385 0.23076923076923078
0 0.9639423076923077 0.2222222222222222 0.036057692307692304 0.17094017094017094