0 0.16346153846153846 0.5341880341880342 0.04567307692307692 0.19230769230769232
0 0.08413461538461539 0.5982905982905983 0.052884615384615384 0.2222222222222222
0 0.0889423076923077 0.3076923076923077 0.04567307692307692 0.19230769230769232
0 0.16346153846153846 0.1111111111111111 0.03365384615384615 0.11538461538461539
0 0.2764423076923077 0.05555555555555555 0.02403846153846154 0.1111111111111111
0 0.44711538461538464 0.05982905982905983 0.02403846153846154 0.09829059829059829
0 0.5264423076923077 0.10256410256410256 0.021634615384615384 0.1111111111111111
0 0.5144230769230769 0.18376068376068377 0.03125 0.13675213675213677
0 0.46875 0.20085470085470086 0.03125 0.1452991452991453
0 0.4951923076923077 0.11538461538461539 0.03125 0.12393162393162394
0 0.4879807692307692 0.3717948717948718 0.03125 0.16666666666666666
0 0.6394230769230769 0.23076923076923078 0.028846153846153848 0.12393162393162394
0 0.5889423076923077 0.47435897435897434 0.040865384615384616 0.21367521367521367
0 0.6514423076923077 0.46153846153846156 0.040865384615384616 0.20085470085470086
0 0.8100961538461539 0.5 0.055288461538461536 0.21367521367521367
0 0.8870192307692307 0.452991452991453 0.040865384615384616 0.1752136752136752
0 0.9038461538461539 0.43162393162393164 0.038461538461538464 0.18376068376068377
0 0.9567307692307693 0.44871794871794873 0.04326923076923077 0.2094017094017094
0 0.9855769230769231 0.4337606837606838 0.02403846153846154 0.21794871794871795