0 0.3485576923076923 0.358974358974359 0.04567307692307692 0.17094017094017094
0 0.36778846153846156 0.5213675213675214 0.038461538461538464 0.21367521367521367
0 0.43028846153846156 0.11538461538461539 0.026442307692307692 0.11965811965811966
0 0.5 0.08547008547008547 0.026442307692307692 0.11538461538461539
0 0.5625 0.14957264957264957 0.028846153846153848 0.1452991452991453
0 0.5913461538461539 0.08547008547008547 0.02403846153846154 0.11965811965811966
0 0.6129807692307693 0.0641025641025641 0.02403846153846154 0.10683760683760683
0 0.5865384615384616 0.05982905982905983 0.02403846153846154 0.11538461538461539
0 0.6610576923076923 0.2222222222222222 0.026442307692307692 0.1623931623931624
0 0.6923076923076923 0.2264957264957265 0.038461538461538464 0.1452991452991453
0 0.6995192307692307 0.28205128205128205 0.04567307692307692 0.1794871794871795
0 0.6658653846153846 0.47863247863247865 0.04567307692307692 0.2094017094017094
0 0.8173076923076923 0.07692307692307693 0.026442307692307692 0.13247863247863248
0 0.8653846153846154 0.20085470085470086 0.03125 0.1282051282051282
0 0.9471153846153846 0.23931623931623933 0.040865384615384616 0.14957264957264957