0 0.17067307692307693 0.3333333333333333 0.03365384615384615 0.17094017094017094
0 0.24759615384615385 0.34615384615384615 0.03125 0.1752136752136752
0 0.2403846153846154 0.2948717948717949 0.038461538461538464 0.1752136752136752
0 0.21394230769230768 0.6282051282051282 0.055288461538461536 0.2564102564102564
0 0.5384615384615384 0.21367521367521367 0.028846153846153848 0.1581196581196581
0 0.6177884615384616 0.08974358974358974 0.02403846153846154 0.1111111111111111
0 0.6394230769230769 0.08547008547008547 0.02403846153846154 0.12393162393162394
0 0.7548076923076923 0.0811965811965812 0.021634615384615384 0.13247863247863248
0 0.8389423076923077 0.053418803418803416 0.028846153846153848 0.10683760683760683
0 0.8629807692307693 0.05555555555555555 0.019230769230769232 0.1111111111111111
0 0.8461538461538461 0.1623931623931624 0.028846153846153848 0.1282051282051282
0 0.8918269230769231 0.37606837606837606 0.036057692307692304 0.17094017094017094
0 0.8245192307692307 0.6239316239316239 0.05048076923076923 0.2094017094017094
0 0.8798076923076923 0.6153846153846154 0.04326923076923077 0.2264957264957265