0 0.75 0.25213675213675213 0.028846153846153848 0.16666666666666666
0 0.71875 0.2692307692307692 0.03365384615384615 0.16666666666666666
0 0.6923076923076923 0.23931623931623933 0.02403846153846154 0.14957264957264957
0 0.6802884615384616 0.36752136752136755 0.036057692307692304 0.1752136752136752
0 0.6730769230769231 0.2564102564102564 0.03365384615384615 0.14102564102564102
0 0.6201923076923077 0.17094017094017094 0.03125 0.12393162393162394
0 0.5120192307692307 0.10683760683760683 0.026442307692307692 0.11965811965811966
0 0.5264423076923077 0.2222222222222222 0.036057692307692304 0.1623931623931624
0 0.4230769230769231 0.23504273504273504 0.03125 0.1581196581196581
0 0.4182692307692308 0.09829059829059829 0.026442307692307692 0.12393162393162394
0 0.38221153846153844 0.23931623931623933 0.040865384615384616 0.1752136752136752
0 0.2956730769230769 0.20085470085470086 0.03365384615384615 0.13675213675213677
0 0.16826923076923078 0.14957264957264957 0.028846153846153848 0.14102564102564102
0 0.057692307692307696 0.24786324786324787 0.038461538461538464 0.1581196581196581
0 0.16105769230769232 0.11965811965811966 0.026442307692307692 0.12393162393162394