0 0.03365384615384615 0.4444444444444444 0.04326923076923077 0.2094017094017094
0 0.07932692307692307 0.5256410256410257 0.05048076923076923 0.21367521367521367
0 0.10336538461538461 0.7008547008547008 0.06971153846153846 0.2606837606837607
0 0.41346153846153844 0.5299145299145299 0.040865384615384616 0.20085470085470086
0 0.3269230769230769 0.2094017094017094 0.03125 0.14957264957264957
0 0.3485576923076923 0.1581196581196581 0.026442307692307692 0.12393162393162394
0 0.4495192307692308 0.17094017094017094 0.026442307692307692 0.13247863247863248
0 0.5432692307692307 0.20085470085470086 0.040865384615384616 0.13675213675213677
0 0.5048076923076923 0.057692307692307696 0.02403846153846154 0.11538461538461539
0 0.5288461538461539 0.08974358974358974 0.02403846153846154 0.11538461538461539
0 0.5504807692307693 0.08974358974358974 0.026442307692307692 0.1282051282051282
0 0.5793269230769231 0.09401709401709402 0.02403846153846154 0.11965811965811966
0 0.6153846153846154 0.09401709401709402 0.02403846153846154 0.1282051282051282
0 0.6754807692307693 0.12393162393162394 0.03365384615384615 0.1282051282051282
0 0.7788461538461539 0.1623931623931624 0.028846153846153848 0.14102564102564102
0 0.8413461538461539 0.1752136752136752 0.03125 0.1282051282051282
0 0.8701923076923077 0.17094017094017094 0.026442307692307692 0.1282051282051282
0 0.8966346153846154 0.20085470085470086 0.026442307692307692 0.13675213675213677
0 0.9326923076923077 0.20512820512820512 0.03125 0.13675213675213677
0 0.9639423076923077 0.2606837606837607 0.03125 0.13675213675213677
0 0.9447115384615384 0.4188034188034188 0.03365384615384615 0.19230769230769232
0 0.8677884615384616 0.5555555555555556 0.040865384615384616 0.21794871794871795
0 0.8918269230769231 0.717948717948718 0.06009615384615385 0.25213675213675213
0 0.7620192307692307 0.9017094017094017 0.04567307692307692 0.19230769230769232
0 0.6875 0.9529914529914529 0.0625 0.08547008547008547
0 0.6105769230769231 0.9444444444444444 0.055288461538461536 0.10256410256410256