0 0.1875 0.10683760683760683 0.03125 0.1452991452991453
0 0.27403846153846156 0.2264957264957265 0.03365384615384615 0.15384615384615385
0 0.35096153846153844 0.057692307692307696 0.03365384615384615 0.11538461538461539
0 0.4230769230769231 0.05555555555555555 0.026442307692307692 0.10683760683760683
0 0.40625 0.5085470085470085 0.04326923076923077 0.21794871794871795
0 0.47115384615384615 0.47863247863247865 0.038461538461538464 0.21367521367521367
0 0.5576923076923077 0.24358974358974358 0.03125 0.1581196581196581
0 0.5336538461538461 0.21367521367521367 0.03365384615384615 0.13247863247863248
0 0.6418269230769231 0.21367521367521367 0.03365384615384615 0.13247863247863248
0 0.6634615384615384 0.3504273504273504 0.038461538461538464 0.19230769230769232
0 0.7259615384615384 0.2905982905982906 0.03125 0.1581196581196581
0 0.7884615384615384 0.2863247863247863 0.028846153846153848 0.1581196581196581
0 0.8389423076923077 0.3504273504273504 0.040865384615384616 0.1794871794871795