0 0.7451923076923077 0.8589743589743589 0.06490384615384616 0.2094017094017094
0 0.8245192307692307 0.8717948717948718 0.06009615384615385 0.21794871794871795
0 0.9158653846153846 0.3974358974358974 0.05048076923076923 0.21367521367521367
0 0.9495192307692307 0.5213675213675214 0.038461538461538464 0.2222222222222222
0 0.9254807692307693 0.21367521367521367 0.019230769230769232 0.1581196581196581
0 0.9615384615384616 0.21794871794871795 0.026442307692307692 0.1452991452991453
0 0.9711538461538461 0.24358974358974358 0.028846153846153848 0.13247863247863248
0 0.5721153846153846 0.04487179487179487 0.03365384615384615 0.08974358974358974
0 0.5288461538461539 0.05555555555555555 0.02403846153846154 0.10256410256410256
0 0.4206730769230769 0.11965811965811966 0.03125 0.1452991452991453
0 0.37740384615384615 0.20085470085470086 0.028846153846153848 0.13247863247863248
0 0.21394230769230768 0.38461538461538464 0.03365384615384615 0.1794871794871795
0 0.09134615384615384 0.4444444444444444 0.04326923076923077 0.18376068376068377