0 0.7355769230769231 0.44017094017094016 0.04807692307692308 0.2094017094017094
0 0.6730769230769231 0.23504273504273504 0.028846153846153848 0.15384615384615385
0 0.5985576923076923 0.6923076923076923 0.04807692307692308 0.23931623931623933
0 0.625 0.9358974358974359 0.0673076923076923 0.12393162393162394
0 0.6899038461538461 0.9230769230769231 0.05048076923076923 0.1452991452991453
0 0.2668269230769231 0.44017094017094016 0.040865384615384616 0.18376068376068377
0 0.22355769230769232 0.5085470085470085 0.04567307692307692 0.21794871794871795
0 0.24519230769230768 0.7564102564102564 0.04807692307692308 0.24358974358974358
0 0.18028846153846154 0.8418803418803419 0.06490384615384616 0.2692307692307692
0 0.11057692307692307 0.8205128205128205 0.055288461538461536 0.2222222222222222
0 0.14903846153846154 0.9230769230769231 0.0625 0.14957264957264957
0 0.0889423076923077 0.2692307692307692 0.036057692307692304 0.1794871794871795
0 0.2692307692307692 0.05555555555555555 0.026442307692307692 0.1111111111111111