0 0.2644230769230769 0.3974358974358974 0.04807692307692308 0.18376068376068377
0 0.2548076923076923 0.24358974358974358 0.03125 0.13675213675213677
0 0.2956730769230769 0.23931623931623933 0.03125 0.1623931623931624
0 0.3173076923076923 0.23931623931623933 0.026442307692307692 0.14957264957264957
0 0.3581730769230769 0.2264957264957265 0.03125 0.12393162393162394
0 0.3389423076923077 0.21367521367521367 0.021634615384615384 0.13247863247863248
0 0.4495192307692308 0.1282051282051282 0.028846153846153848 0.11965811965811966
0 0.5024038461538461 0.18376068376068377 0.03125 0.1452991452991453
0 0.6081730769230769 0.07692307692307693 0.028846153846153848 0.1111111111111111
0 0.5961538461538461 0.05128205128205128 0.021634615384615384 0.08547008547008547
0 0.6009615384615384 0.21367521367521367 0.028846153846153848 0.14957264957264957
0 0.6442307692307693 0.2094017094017094 0.03365384615384615 0.16666666666666666
0 0.7259615384615384 0.1794871794871795 0.03125 0.13247863247863248
0 0.8125 0.1452991452991453 0.03125 0.14102564102564102
0 0.8509615384615384 0.17094017094017094 0.028846153846153848 0.1452991452991453
0 0.8774038461538461 0.23504273504273504 0.03125 0.15384615384615385
0 0.9278846153846154 0.21367521367521367 0.03365384615384615 0.14957264957264957