0 0.7692307692307693 0.49145299145299143 0.038461538461538464 0.21794871794871795
0 0.5504807692307693 0.8675213675213675 0.05048076923076923 0.2564102564102564
0 0.4519230769230769 0.5470085470085471 0.057692307692307696 0.23076923076923078
0 0.5649038461538461 0.14957264957264957 0.02403846153846154 0.12393162393162394
0 0.4519230769230769 0.15384615384615385 0.03125 0.14957264957264957
0 0.38461538461538464 0.21794871794871795 0.028846153846153848 0.14957264957264957
0 0.3701923076923077 0.31196581196581197 0.03365384615384615 0.16666666666666666
0 0.3605769230769231 0.05555555555555555 0.021634615384615384 0.1111111111111111
0 0.25240384615384615 0.09401709401709402 0.026442307692307692 0.1282051282051282
0 0.21634615384615385 0.10683760683760683 0.028846153846153848 0.13675213675213677
0 0.1658653846153846 0.12393162393162394 0.02403846153846154 0.11965811965811966
0 0.14903846153846154 0.13247863247863248 0.028846153846153848 0.1111111111111111
0 0.11538461538461539 0.16666666666666666 0.028846153846153848 0.13247863247863248
0 0.06490384615384616 0.32905982905982906 0.038461538461538464 0.1581196581196581