0 0.9663461538461539 0.27350427350427353 0.038461538461538464 0.1623931623931624
0 0.9158653846153846 0.29914529914529914 0.03125 0.16666666666666666
0 0.9182692307692307 0.6538461538461539 0.05048076923076923 0.23931623931623933
0 0.8197115384615384 0.6367521367521367 0.052884615384615384 0.21794871794871795
0 0.78125 0.26495726495726496 0.03365384615384615 0.17094017094017094
0 0.8341346153846154 0.1581196581196581 0.028846153846153848 0.14102564102564102
0 0.6586538461538461 0.1452991452991453 0.03365384615384615 0.1282051282051282
0 0.53125 0.18376068376068377 0.03125 0.1452991452991453
0 0.5024038461538461 0.1794871794871795 0.03125 0.1452991452991453
0 0.5817307692307693 0.49145299145299143 0.05048076923076923 0.19230769230769232
0 0.34134615384615385 0.20085470085470086 0.036057692307692304 0.14102564102564102
0 0.31490384615384615 0.18803418803418803 0.036057692307692304 0.1581196581196581
0 0.2764423076923077 0.2863247863247863 0.036057692307692304 0.15384615384615385
0 0.24278846153846154 0.24786324786324787 0.036057692307692304 0.1623931623931624
0 0.11298076923076923 0.3418803418803419 0.040865384615384616 0.1752136752136752
0 0.052884615384615384 0.4658119658119658 0.05048076923076923 0.21367521367521367
0 0.08413461538461539 0.47863247863247865 0.040865384615384616 0.19230769230769232