0 0.10096153846153846 0.8717948717948718 0.08173076923076923 0.24786324786324787
0 0.5144230769230769 0.8675213675213675 0.08413461538461539 0.2564102564102564
0 0.8125 0.5042735042735043 0.04807692307692308 0.2222222222222222
0 0.8533653846153846 0.46153846153846156 0.040865384615384616 0.18376068376068377
0 0.8798076923076923 0.5384615384615384 0.03365384615384615 0.19658119658119658
0 0.9038461538461539 0.4658119658119658 0.038461538461538464 0.19230769230769232
0 0.9447115384615384 0.47435897435897434 0.040865384615384616 0.19230769230769232
0 0.875 0.19658119658119658 0.03365384615384615 0.15384615384615385
0 0.9230769230769231 0.25213675213675213 0.03125 0.16666666666666666
0 0.9615384615384616 0.2606837606837607 0.036057692307692304 0.15384615384615385
0 0.3894230769230769 0.16666666666666666 0.02403846153846154 0.13247863247863248
0 0.3629807692307692 0.21794871794871795 0.03365384615384615 0.13675213675213677
0 0.3293269230769231 0.20512820512820512 0.03125 0.1282051282051282
0 0.31971153846153844 0.36324786324786323 0.03365384615384615 0.1752136752136752
0 0.25961538461538464 0.3717948717948718 0.03125 0.18376068376068377
0 0.21875 0.3803418803418803 0.03365384615384615 0.16666666666666666
0 0.19230769230769232 0.3547008547008547 0.038461538461538464 0.1581196581196581
0 0.18028846153846154 0.2863247863247863 0.038461538461538464 0.1794871794871795
0 0.15144230769230768 0.34615384615384615 0.03365384615384615 0.17094017094017094
0 0.0625 0.47435897435897434 0.05048076923076923 0.21794871794871795