0 0.7524038461538461 0.44017094017094016 0.04567307692307692 0.19658119658119658
0 0.8413461538461539 0.41452991452991456 0.038461538461538464 0.1581196581196581
0 0.8605769230769231 0.4017094017094017 0.03365384615384615 0.18376068376068377
0 0.9134615384615384 0.405982905982906 0.040865384615384616 0.19230769230769232
0 0.9615384615384616 0.3888888888888889 0.038461538461538464 0.18803418803418803
0 0.59375 0.4188034188034188 0.038461538461538464 0.19658119658119658
0 0.5456730769230769 0.43162393162393164 0.04326923076923077 0.21367521367521367
0 0.43990384615384615 0.3418803418803419 0.038461538461538464 0.1623931623931624
0 0.18269230769230768 0.594017094017094 0.04326923076923077 0.2222222222222222
0 0.08173076923076923 0.5085470085470085 0.055288461538461536 0.20085470085470086
0 0.06009615384615385 0.2606837606837607 0.038461538461538464 0.18376068376068377
0 0.15625 0.09401709401709402 0.03125 0.11538461538461539
0 0.2620192307692308 0.06837606837606838 0.026442307692307692 0.11538461538461539
0 0.47115384615384615 0.08974358974358974 0.026442307692307692 0.1282051282051282
0 0.4519230769230769 0.18376068376068377 0.026442307692307692 0.1282051282051282
0 0.49278846153846156 0.2264957264957265 0.036057692307692304 0.14957264957264957
0 0.5576923076923077 0.12393162393162394 0.026442307692307692 0.11965811965811966
0 0.5985576923076923 0.19658119658119658 0.03125 0.1111111111111111