0 0.31009615384615385 0.9017094017094017 0.06490384615384616 0.18803418803418803
0 0.0889423076923077 0.5897435897435898 0.05048076923076923 0.23076923076923078
0 0.21394230769230768 0.14957264957264957 0.03125 0.13675213675213677
0 0.14423076923076922 0.053418803418803416 0.03365384615384615 0.10683760683760683
0 0.3870192307692308 0.08547008547008547 0.026442307692307692 0.12393162393162394
0 0.4230769230769231 0.11965811965811966 0.02403846153846154 0.13675213675213677
0 0.4423076923076923 0.1111111111111111 0.02403846153846154 0.11538461538461539
0 0.49038461538461536 0.0641025641025641 0.021634615384615384 0.1282051282051282
0 0.6778846153846154 0.19658119658119658 0.02403846153846154 0.1282051282051282
0 0.6947115384615384 0.23931623931623933 0.026442307692307692 0.15384615384615385
0 0.7235576923076923 0.2264957264957265 0.026442307692307692 0.1282051282051282
0 0.7451923076923077 0.31196581196581197 0.036057692307692304 0.1623931623931624
0 0.6658653846153846 0.3547008547008547 0.03125 0.1794871794871795
0 0.6274038461538461 0.3247863247863248 0.03365384615384615 0.16666666666666666
0 0.5793269230769231 0.6794871794871795 0.04807692307692308 0.25213675213675213
0 0.5264423076923077 0.717948717948718 0.055288461538461536 0.2606837606837607
0 0.7283653846153846 0.6923076923076923 0.055288461538461536 0.24358974358974358
0 0.8365384615384616 0.49572649572649574 0.04567307692307692 0.2264957264957265
0 0.875 0.41025641025641024 0.03365384615384615 0.1794871794871795