0 0.8173076923076923 0.7735042735042735 0.04807692307692308 0.26495726495726496
0 0.8149038461538461 0.36324786324786323 0.03365384615384615 0.17094017094017094
0 0.7692307692307693 0.44017094017094016 0.04326923076923077 0.20512820512820512
0 0.7644230769230769 0.2564102564102564 0.026442307692307692 0.14102564102564102
0 0.7451923076923077 0.27350427350427353 0.036057692307692304 0.17094017094017094
0 0.7115384615384616 0.21794871794871795 0.026442307692307692 0.12393162393162394
0 0.7043269230769231 0.28205128205128205 0.036057692307692304 0.15384615384615385
0 0.6274038461538461 0.31196581196581197 0.036057692307692304 0.1752136752136752
0 0.5889423076923077 0.2777777777777778 0.03125 0.1581196581196581
0 0.5408653846153846 0.6068376068376068 0.040865384615384616 0.24358974358974358
0 0.4807692307692308 0.6367521367521367 0.04807692307692308 0.24786324786324787
0 0.43509615384615385 0.09401709401709402 0.026442307692307692 0.11965811965811966
0 0.3942307692307692 0.09829059829059829 0.026442307692307692 0.13247863247863248
0 0.36538461538461536 0.06837606837606838 0.026442307692307692 0.12393162393162394
0 0.2403846153846154 0.17094017094017094 0.03365384615384615 0.1452991452991453
0 0.15625 0.0641025641025641 0.03125 0.1282051282051282
0 0.0889423076923077 0.6666666666666666 0.055288461538461536 0.23931623931623933
0 0.47115384615384615 0.05128205128205128 0.016826923076923076 0.10256410256410256