0 0.3918269230769231 0.20085470085470086 0.026442307692307692 0.12393162393162394
0 0.4543269230769231 0.2692307692307692 0.036057692307692304 0.1581196581196581
0 0.3557692307692308 0.8974358974358975 0.07211538461538461 0.19230769230769232
0 0.8197115384615384 0.8461538461538461 0.055288461538461536 0.2564102564102564
0 0.8798076923076923 0.8504273504273504 0.055288461538461536 0.2264957264957265
0 0.8629807692307693 0.5598290598290598 0.057692307692307696 0.2564102564102564
0 0.8173076923076923 0.5085470085470085 0.038461538461538464 0.20085470085470086
0 0.8533653846153846 0.3547008547008547 0.040865384615384616 0.1623931623931624
0 0.8629807692307693 0.1111111111111111 0.026442307692307692 0.1282051282051282
0 0.8894230769230769 0.057692307692307696 0.028846153846153848 0.11538461538461539
0 0.6129807692307693 0.06837606837606838 0.02403846153846154 0.11538461538461539
0 0.5961538461538461 0.06837606837606838 0.021634615384615384 0.11965811965811966
0 0.42788461538461536 0.0811965811965812 0.02403846153846154 0.1282051282051282
0 0.44711538461538464 0.10683760683760683 0.026442307692307692 0.13247863247863248
0 0.46875 0.1111111111111111 0.019230769230769232 0.12393162393162394
0 0.4855769230769231 0.12393162393162394 0.026442307692307692 0.13675213675213677
0 0.5504807692307693 0.057692307692307696 0.028846153846153848 0.11538461538461539