0 0.6514423076923077 0.358974358974359 0.04567307692307692 0.17094017094017094
0 0.6322115384615384 0.5213675213675214 0.038461538461538464 0.21367521367521367
0 0.5697115384615384 0.11538461538461539 0.026442307692307692 0.11965811965811966
0 0.5 0.08547008547008547 0.026442307692307692 0.11538461538461539
0 0.4375 0.14957264957264957 0.028846153846153848 0.1452991452991453
0 0.40865384615384615 0.08547008547008547 0.02403846153846154 0.11965811965811966
0 0.3870192307692308 0.0641025641025641 0.02403846153846154 0.10683760683760683
0 0.41346153846153844 0.05982905982905983 0.02403846153846154 0.11538461538461539
0 0.3389423076923077 0.2222222222222222 0.026442307692307692 0.1623931623931624
0 0.3076923076923077 0.2264957264957265 0.038461538461538464 0.1452991452991453
0 0.3004807692307692 0.28205128205128205 0.04567307692307692 0.1794871794871795
0 0.33413461538461536 0.47863247863247865 0.04567307692307692 0.2094017094017094
0 0.18269230769230768 0.07692307692307693 0.026442307692307692 0.13247863247863248
0 0.1346153846153846 0.20085470085470086 0.03125 0.1282051282051282
0 0.052884615384615384 0.23931623931623933 0.040865384615384616 0.14957264957264957