0 0.7427884615384616 0.8974358974358975 0.04807692307692308 0.19658119658119658
0 0.7115384615384616 0.6239316239316239 0.06009615384615385 0.23076923076923078
0 0.9471153846153846 0.48717948717948717 0.04567307692307692 0.18376068376068377
0 0.9110576923076923 0.3418803418803419 0.040865384615384616 0.19230769230769232
0 0.8221153846153846 0.34615384615384615 0.04326923076923077 0.1794871794871795
0 0.7475961538461539 0.34615384615384615 0.038461538461538464 0.17094017094017094
0 0.7548076923076923 0.28205128205128205 0.03125 0.1623931623931624
0 0.7259615384615384 0.2948717948717949 0.03125 0.14957264957264957
0 0.6923076923076923 0.21794871794871795 0.03125 0.13675213675213677
0 0.6418269230769231 0.31196581196581197 0.03365384615384615 0.17094017094017094
0 0.6009615384615384 0.3034188034188034 0.03365384615384615 0.17094017094017094
0 0.5745192307692307 0.1752136752136752 0.028846153846153848 0.13675213675213677
0 0.18990384615384615 0.6282051282051282 0.057692307692307696 0.2264957264957265
0 0.18509615384615385 0.5512820512820513 0.052884615384615384 0.2222222222222222
0 0.08413461538461539 0.46153846153846156 0.03365384615384615 0.18376068376068377
0 0.1201923076923077 0.3333333333333333 0.03365384615384615 0.18376068376068377
0 0.11778846153846154 0.25213675213675213 0.036057692307692304 0.14957264957264957
0 0.0889423076923077 0.33760683760683763 0.03365384615384615 0.1752136752136752
0 0.06490384615384616 0.3888888888888889 0.03125 0.1581196581196581
0 0.055288461538461536 0.2777777777777778 0.028846153846153848 0.1452991452991453
0 0.06009615384615385 0.18803418803418803 0.02403846153846154 0.1452991452991453