0 0.12740384615384615 0.37606837606837606 0.038461538461538464 0.1752136752136752
0 0.15384615384615385 0.2948717948717949 0.028846153846153848 0.17094017094017094
0 0.1778846153846154 0.31196581196581197 0.03125 0.16666666666666666
0 0.23076923076923078 0.2948717948717949 0.026442307692307692 0.18376068376068377
0 0.25721153846153844 0.31196581196581197 0.03125 0.1581196581196581
0 0.27163461538461536 0.27350427350427353 0.021634615384615384 0.14102564102564102
0 0.4423076923076923 0.13675213675213677 0.028846153846153848 0.1282051282051282
0 0.40625 0.3504273504273504 0.03365384615384615 0.18376068376068377
0 0.4375 0.36324786324786323 0.04326923076923077 0.18803418803418803
0 0.8365384615384616 0.07264957264957266 0.03365384615384615 0.11538461538461539
0 0.6971153846153846 0.2564102564102564 0.036057692307692304 0.14957264957264957
0 0.7524038461538461 0.3034188034188034 0.036057692307692304 0.17094017094017094
0 0.6177884615384616 0.5213675213675214 0.040865384615384616 0.21367521367521367