0 0.04807692307692308 0.4444444444444444 0.05048076923076923 0.18803418803418803
0 0.4879807692307692 0.8162393162393162 0.055288461538461536 0.3076923076923077
0 0.41586538461538464 0.43162393162393164 0.036057692307692304 0.19230769230769232
0 0.28846153846153844 0.25213675213675213 0.040865384615384616 0.1623931623931624
0 0.4375 0.1752136752136752 0.028846153846153848 0.14957264957264957
0 0.46153846153846156 0.18376068376068377 0.028846153846153848 0.13675213675213677
0 0.4567307692307692 0.09829059829059829 0.028846153846153848 0.11965811965811966
0 0.49278846153846156 0.1282051282051282 0.03125 0.11965811965811966
0 0.5432692307692307 0.05982905982905983 0.016826923076923076 0.10683760683760683
0 0.5216346153846154 0.05555555555555555 0.019230769230769232 0.09829059829059829
0 0.4855769230769231 0.09829059829059829 0.028846153846153848 0.12393162393162394
0 0.5072115384615384 0.08547008547008547 0.021634615384615384 0.11538461538461539
0 0.8341346153846154 0.1794871794871795 0.028846153846153848 0.1282051282051282
0 0.8677884615384616 0.32051282051282054 0.03365384615384615 0.1752136752136752
0 0.9254807692307693 0.36752136752136755 0.04326923076923077 0.17094017094017094