0 0.36778846153846156 0.1581196581196581 0.026442307692307692 0.11538461538461539
0 0.38461538461538464 0.15384615384615385 0.02403846153846154 0.1282051282051282
0 0.40625 0.1752136752136752 0.026442307692307692 0.11965811965811966
0 0.6225961538461539 0.049145299145299144 0.028846153846153848 0.09829059829059829
0 0.5564903846153846 0.049145299145299144 0.026442307692307692 0.09829059829059829
0 0.7860576923076923 0.11965811965811966 0.028846153846153848 0.12393162393162394
0 0.8076923076923077 0.1752136752136752 0.03125 0.1581196581196581
0 0.8629807692307693 0.11965811965811966 0.028846153846153848 0.1282051282051282
0 0.8822115384615384 0.1581196581196581 0.03125 0.14957264957264957
0 0.6370192307692307 0.5512820512820513 0.04326923076923077 0.23076923076923078
0 0.8149038461538461 0.6495726495726496 0.052884615384615384 0.2222222222222222
0 0.875 0.6623931623931624 0.05048076923076923 0.2222222222222222
0 0.9302884615384616 0.6111111111111112 0.04326923076923077 0.1794871794871795
0 0.38221153846153844 0.6837606837606838 0.0625 0.24786324786324787
0 0.3245192307692308 0.6495726495726496 0.05048076923076923 0.23504273504273504
0 0.1346153846153846 0.8846153846153846 0.0625 0.2222222222222222
0 0.1778846153846154 0.36324786324786323 0.04326923076923077 0.1752136752136752
0 0.021634615384615384 0.46153846153846156 0.04326923076923077 0.19230769230769232
0 0.21394230769230768 0.36752136752136755 0.03365384615384615 0.1752136752136752
0 0.23076923076923078 0.27350427350427353 0.03365384615384615 0.14957264957264957
0 0.2668269230769231 0.28205128205128205 0.040865384615384616 0.1794871794871795
0 0.27403846153846156 0.21367521367521367 0.028846153846153848 0.13247863247863248
0 0.30288461538461536 0.2094017094017094 0.03365384615384615 0.14957264957264957