0 0.07932692307692307 0.6367521367521367 0.04807692307692308 0.24358974358974358
0 0.5576923076923077 0.6837606837606838 0.04326923076923077 0.23931623931623933
0 0.625 0.4188034188034188 0.052884615384615384 0.20085470085470086
0 0.5336538461538461 0.3888888888888889 0.040865384615384616 0.1794871794871795
0 0.5384615384615384 0.2692307692307692 0.03125 0.1452991452991453
0 0.5072115384615384 0.1111111111111111 0.021634615384615384 0.11538461538461539
0 0.6201923076923077 0.08974358974358974 0.02403846153846154 0.13247863247863248
0 0.5588942307692307 0.049145299145299144 0.026442307692307692 0.09829059829059829
0 0.6658653846153846 0.11965811965811966 0.026442307692307692 0.1452991452991453
0 0.7211538461538461 0.1452991452991453 0.02403846153846154 0.1452991452991453
0 0.7524038461538461 0.15384615384615385 0.03125 0.14957264957264957
0 0.8389423076923077 0.14957264957264957 0.028846153846153848 0.1282051282051282
0 0.8846153846153846 0.17094017094017094 0.03125 0.11538461538461539
0 0.8894230769230769 0.11965811965811966 0.028846153846153848 0.12393162393162394
0 0.9615384615384616 0.2606837606837607 0.03365384615384615 0.14102564102564102