0 0.8942307692307693 0.41025641025641024 0.04567307692307692 0.18803418803418803
0 0.7091346153846154 0.25213675213675213 0.03365384615384615 0.1623931623931624
0 0.6057692307692307 0.16666666666666666 0.028846153846153848 0.14957264957264957
0 0.6009615384615384 0.13675213675213677 0.019230769230769232 0.1282051282051282
0 0.5793269230769231 0.14957264957264957 0.028846153846153848 0.1282051282051282
0 0.5673076923076923 0.07692307692307693 0.026442307692307692 0.1282051282051282
0 0.44711538461538464 0.10256410256410256 0.028846153846153848 0.12393162393162394
0 0.4182692307692308 0.1111111111111111 0.03125 0.13675213675213677
0 0.45913461538461536 0.21367521367521367 0.038461538461538464 0.14102564102564102
0 0.5384615384615384 0.717948717948718 0.0673076923076923 0.23504273504273504
0 0.18028846153846154 0.452991452991453 0.038461538461538464 0.18376068376068377
0 0.13221153846153846 0.41452991452991456 0.03365384615384615 0.18376068376068377
0 0.07211538461538461 0.43162393162393164 0.040865384615384616 0.23504273504273504
0 0.15865384615384615 0.16666666666666666 0.028846153846153848 0.13247863247863248
0 0.12740384615384615 0.08974358974358974 0.03125 0.1282051282051282