0 0.06971153846153846 0.5213675213675214 0.057692307692307696 0.21367521367521367
0 0.15625 0.3333333333333333 0.03365384615384615 0.16666666666666666
0 0.23317307692307693 0.2905982905982906 0.038461538461538464 0.1452991452991453
0 0.31971153846153844 0.2094017094017094 0.03125 0.13675213675213677
0 0.38461538461538464 0.1752136752136752 0.026442307692307692 0.13675213675213677
0 0.41346153846153844 0.1752136752136752 0.026442307692307692 0.12393162393162394
0 0.4375 0.1623931623931624 0.026442307692307692 0.13247863247863248
0 0.4519230769230769 0.1794871794871795 0.03125 0.1282051282051282
0 0.5048076923076923 0.11538461538461539 0.02403846153846154 0.1111111111111111
0 0.5769230769230769 0.10256410256410256 0.028846153846153848 0.12393162393162394
0 0.5240384615384616 0.7435897435897436 0.052884615384615384 0.2777777777777778
0 0.6658653846153846 0.13675213675213677 0.028846153846153848 0.13675213675213677
0 0.7091346153846154 0.14102564102564102 0.03365384615384615 0.14957264957264957
0 0.7620192307692307 0.23931623931623933 0.036057692307692304 0.14957264957264957
0 0.8004807692307693 0.11965811965811966 0.026442307692307692 0.11965811965811966
0 0.8701923076923077 0.12393162393162394 0.028846153846153848 0.1282051282051282
0 0.8918269230769231 0.2264957264957265 0.036057692307692304 0.14957264957264957