0 0.19951923076923078 0.6153846153846154 0.055288461538461536 0.23504273504273504
0 0.04567307692307692 0.3547008547008547 0.040865384615384616 0.18803418803418803
0 0.15384615384615385 0.06837606837606838 0.03125 0.11538461538461539
0 0.22596153846153846 0.05982905982905983 0.019230769230769232 0.1111111111111111
0 0.25240384615384615 0.06837606837606838 0.02403846153846154 0.1111111111111111
0 0.2764423076923077 0.05128205128205128 0.021634615384615384 0.10256410256410256
0 0.4050480769230769 0.053418803418803416 0.03125 0.10683760683760683
0 0.44471153846153844 0.20085470085470086 0.026442307692307692 0.13675213675213677
0 0.5024038461538461 0.18803418803418803 0.021634615384615384 0.1452991452991453
0 0.49038461538461536 0.2264957264957265 0.03125 0.1581196581196581
0 0.46875 0.44871794871794873 0.038461538461538464 0.20512820512820512
0 0.5600961538461539 0.1581196581196581 0.03125 0.1452991452991453
0 0.5504807692307693 0.11965811965811966 0.026442307692307692 0.13247863247863248
0 0.59375 0.14102564102564102 0.02403846153846154 0.11965811965811966
0 0.7668269230769231 0.28205128205128205 0.038461538461538464 0.1581196581196581
0 0.7716346153846154 0.5128205128205128 0.05048076923076923 0.19658119658119658
0 0.9399038461538461 0.47435897435897434 0.04567307692307692 0.20085470085470086
0 0.8990384615384616 0.5042735042735043 0.040865384615384616 0.19658119658119658
0 0.8966346153846154 0.5512820512820513 0.04567307692307692 0.2222222222222222
0 0.9399038461538461 0.405982905982906 0.03365384615384615 0.15384615384615385