0 0.14903846153846154 0.3888888888888889 0.040865384615384616 0.17094017094017094
0 0.14423076923076922 0.3418803418803419 0.038461538461538464 0.1623931623931624
0 0.21153846153846154 0.28205128205128205 0.038461538461538464 0.14957264957264957
0 0.2860576923076923 0.3076923076923077 0.028846153846153848 0.1623931623931624
0 0.28125 0.24786324786324787 0.03125 0.14102564102564102
0 0.31971153846153844 0.2264957264957265 0.028846153846153848 0.15384615384615385
0 0.35336538461538464 0.2222222222222222 0.03365384615384615 0.1111111111111111
0 0.4254807692307692 0.24786324786324787 0.028846153846153848 0.1623931623931624
0 0.46153846153846156 0.23931623931623933 0.026442307692307692 0.1452991452991453
0 0.41346153846153844 0.45726495726495725 0.057692307692307696 0.19658119658119658
0 0.4831730769230769 0.13675213675213677 0.028846153846153848 0.1282051282051282
0 0.5769230769230769 0.05128205128205128 0.028846153846153848 0.10256410256410256
0 0.6490384615384616 0.05555555555555555 0.03125 0.1111111111111111
0 0.7836538461538461 0.8162393162393162 0.06490384615384616 0.2905982905982906
0 0.8533653846153846 0.8717948717948718 0.06490384615384616 0.24358974358974358
0 0.9423076923076923 0.3888888888888889 0.03125 0.16666666666666666
0 0.8774038461538461 0.4358974358974359 0.040865384615384616 0.1794871794871795
0 0.8293269230769231 0.42735042735042733 0.038461538461538464 0.20512820512820512
0 0.8725961538461539 0.31196581196581197 0.038461538461538464 0.1752136752136752
0 0.8942307692307693 0.358974358974359 0.03365384615384615 0.16666666666666666
0 0.9423076923076923 0.19230769230769232 0.026442307692307692 0.1581196581196581
0 0.9447115384615384 0.32905982905982906 0.038461538461538464 0.1581196581196581
0 0.8004807692307693 0.6367521367521367 0.0625 0.21367521367521367