0 0.06490384615384616 0.37606837606837606 0.038461538461538464 0.18803418803418803
0 0.0889423076923077 0.3888888888888889 0.040865384615384616 0.17094017094017094
0 0.0985576923076923 0.47435897435897434 0.04326923076923077 0.20512820512820512
0 0.13221153846153846 0.47435897435897434 0.040865384615384616 0.20512820512820512
0 0.14423076923076922 0.36752136752136755 0.040865384615384616 0.18803418803418803
0 0.18509615384615385 0.36324786324786323 0.040865384615384616 0.19658119658119658
0 0.23798076923076922 0.2692307692307692 0.038461538461538464 0.1581196581196581
0 0.31490384615384615 0.20512820512820512 0.028846153846153848 0.14102564102564102
0 0.3245192307692308 0.21367521367521367 0.021634615384615384 0.13675213675213677
0 0.34615384615384615 0.23076923076923078 0.026442307692307692 0.14102564102564102
0 0.35096153846153844 0.5042735042735043 0.04326923076923077 0.2094017094017094
0 0.3942307692307692 0.5213675213675214 0.052884615384615384 0.2222222222222222
0 0.47596153846153844 0.7777777777777778 0.04807692307692308 0.2564102564102564
0 0.6971153846153846 0.44017094017094016 0.038461538461538464 0.20085470085470086
0 0.5168269230769231 0.07264957264957266 0.02403846153846154 0.11538461538461539
0 0.7403846153846154 0.16666666666666666 0.03125 0.14102564102564102
0 0.7668269230769231 0.8034188034188035 0.06009615384615385 0.2692307692307692
0 0.8581730769230769 0.8247863247863247 0.055288461538461536 0.2564102564102564
0 0.8317307692307693 0.09401709401709402 0.03365384615384615 0.1581196581196581
0 0.8725961538461539 0.10256410256410256 0.019230769230769232 0.1111111111111111
0 0.8918269230769231 0.11965811965811966 0.021634615384615384 0.13247863247863248