0 0.9206730769230769 0.6367521367521367 0.04807692307692308 0.24358974358974358
0 0.4423076923076923 0.6837606837606838 0.04326923076923077 0.23931623931623933
0 0.375 0.4188034188034188 0.052884615384615384 0.20085470085470086
0 0.46634615384615385 0.3888888888888889 0.040865384615384616 0.1794871794871795
0 0.46153846153846156 0.2692307692307692 0.03125 0.1452991452991453
0 0.49278846153846156 0.1111111111111111 0.021634615384615384 0.11538461538461539
0 0.3798076923076923 0.08974358974358974 0.02403846153846154 0.13247863247863248
0 0.4411057692307692 0.049145299145299144 0.026442307692307692 0.09829059829059829
0 0.33413461538461536 0.11965811965811966 0.026442307692307692 0.1452991452991453
0 0.27884615384615385 0.1452991452991453 0.02403846153846154 0.1452991452991453
0 0.24759615384615385 0.15384615384615385 0.03125 0.14957264957264957
0 0.16105769230769232 0.14957264957264957 0.028846153846153848 0.1282051282051282
0 0.11538461538461539 0.17094017094017094 0.03125 0.11538461538461539
0 0.11057692307692307 0.11965811965811966 0.028846153846153848 0.12393162393162394
0 0.038461538461538464 0.2606837606837607 0.03365384615384615 0.14102564102564102