0 0.036057692307692304 0.5341880341880342 0.055288461538461536 0.20512820512820512
0 0.07932692307692307 0.5384615384615384 0.057692307692307696 0.20512820512820512
0 0.0985576923076923 0.41025641025641024 0.040865384615384616 0.19230769230769232
0 0.12980769230769232 0.41025641025641024 0.04807692307692308 0.20085470085470086
0 0.11538461538461539 0.358974358974359 0.03365384615384615 0.16666666666666666
0 0.2091346153846154 0.3076923076923077 0.036057692307692304 0.16666666666666666
0 0.29086538461538464 0.23931623931623933 0.03125 0.17094017094017094
0 0.31490384615384615 0.24358974358974358 0.028846153846153848 0.14102564102564102
0 0.3701923076923077 0.1452991452991453 0.026442307692307692 0.13247863247863248
0 0.3701923076923077 0.44871794871794873 0.04326923076923077 0.19658119658119658
0 0.40865384615384615 0.46153846153846156 0.052884615384615384 0.19658119658119658
0 0.5 0.09829059829059829 0.026442307692307692 0.10683760683760683
0 0.7235576923076923 0.18803418803418803 0.036057692307692304 0.13675213675213677
0 0.71875 0.38461538461538464 0.038461538461538464 0.19230769230769232
0 0.5360576923076923 0.6794871794871795 0.04807692307692308 0.23504273504273504
0 0.7451923076923077 0.8717948717948718 0.0625 0.23504273504273504
0 0.8317307692307693 0.8888888888888888 0.0625 0.21794871794871795
0 0.8341346153846154 0.0641025641025641 0.026442307692307692 0.1282051282051282
0 0.8870192307692307 0.09401709401709402 0.026442307692307692 0.1282051282051282