0 0.057692307692307696 0.4017094017094017 0.040865384615384616 0.1623931623931624
0 0.25 0.2777777777777778 0.03125 0.1452991452991453
0 0.46634615384615385 0.8717948717948718 0.06009615384615385 0.24786324786324787
0 0.7764423076923077 0.8418803418803419 0.07692307692307693 0.24358974358974358
0 0.7644230769230769 0.6282051282051282 0.040865384615384616 0.24786324786324787
0 0.8125 0.6324786324786325 0.05048076923076923 0.2222222222222222
0 0.8317307692307693 0.5299145299145299 0.036057692307692304 0.18376068376068377
0 0.8966346153846154 0.717948717948718 0.055288461538461536 0.24786324786324787
0 0.8509615384615384 0.07692307692307693 0.02403846153846154 0.12393162393162394
0 0.9567307692307693 0.17094017094017094 0.038461538461538464 0.1452991452991453
0 0.9230769230769231 0.26495726495726496 0.036057692307692304 0.15384615384615385
0 0.9519230769230769 0.25213675213675213 0.028846153846153848 0.1452991452991453
0 0.9615384615384616 0.29914529914529914 0.03365384615384615 0.14957264957264957
0 0.8942307692307693 0.3333333333333333 0.040865384615384616 0.1581196581196581
0 0.8918269230769231 0.44017094017094016 0.04807692307692308 0.16666666666666666
0 0.9014423076923077 0.5512820512820513 0.052884615384615384 0.1794871794871795
0 0.5504807692307693 0.2777777777777778 0.04567307692307692 0.17094017094017094
0 0.34134615384615385 0.23076923076923078 0.03125 0.1282051282051282
0 0.37259615384615385 0.14957264957264957 0.03125 0.14102564102564102
0 0.4206730769230769 0.1623931623931624 0.028846153846153848 0.1452991452991453
0 0.4519230769230769 0.16666666666666666 0.03125 0.13675213675213677
0 0.4951923076923077 0.1752136752136752 0.026442307692307692 0.14957264957264957
0 0.5336538461538461 0.17094017094017094 0.028846153846153848 0.13247863247863248
0 0.4735576923076923 0.09829059829059829 0.03125 0.13675213675213677
0 0.5552884615384616 0.08547008547008547 0.026442307692307692 0.11538461538461539
0 0.6081730769230769 0.10683760683760683 0.03365384615384615 0.12393162393162394