0 0.9591346153846154 0.41452991452991456 0.04567307692307692 0.19230769230769232
0 0.7596153846153846 0.27350427350427353 0.03365384615384615 0.1452991452991453
0 0.6826923076923077 0.23931623931623933 0.03125 0.1752136752136752
0 0.6274038461538461 0.18803418803418803 0.026442307692307692 0.1282051282051282
0 0.6298076923076923 0.36324786324786323 0.036057692307692304 0.16666666666666666
0 0.6009615384615384 0.29914529914529914 0.03125 0.1752136752136752
0 0.5769230769230769 0.358974358974359 0.040865384615384616 0.19230769230769232
0 0.5024038461538461 0.29914529914529914 0.03125 0.16666666666666666
0 0.5216346153846154 0.07264957264957266 0.019230769230769232 0.09829059829059829
0 0.5048076923076923 0.09401709401709402 0.021634615384615384 0.10683760683760683
0 0.47836538461538464 0.06837606837606838 0.026442307692307692 0.11965811965811966
0 0.44711538461538464 0.08974358974358974 0.026442307692307692 0.12393162393162394
0 0.34615384615384615 0.3162393162393162 0.036057692307692304 0.1752136752136752
0 0.14423076923076922 0.4444444444444444 0.05048076923076923 0.19230769230769232
0 0.038461538461538464 0.24358974358974358 0.036057692307692304 0.1581196581196581
0 0.25721153846153844 0.0811965811965812 0.028846153846153848 0.12393162393162394
0 0.22355769230769232 0.11538461538461539 0.028846153846153848 0.11965811965811966
0 0.18990384615384615 0.1111111111111111 0.021634615384615384 0.12393162393162394
0 0.21875 0.0811965811965812 0.02403846153846154 0.10683760683760683