0 0.24759615384615385 0.44017094017094016 0.04567307692307692 0.19658119658119658
0 0.15865384615384615 0.41452991452991456 0.038461538461538464 0.1581196581196581
0 0.13942307692307693 0.4017094017094017 0.03365384615384615 0.18376068376068377
0 0.08653846153846154 0.405982905982906 0.040865384615384616 0.19230769230769232
0 0.038461538461538464 0.3888888888888889 0.038461538461538464 0.18803418803418803
0 0.40625 0.4188034188034188 0.038461538461538464 0.19658119658119658
0 0.4543269230769231 0.43162393162393164 0.04326923076923077 0.21367521367521367
0 0.5600961538461539 0.3418803418803419 0.038461538461538464 0.1623931623931624
0 0.8173076923076923 0.594017094017094 0.04326923076923077 0.2222222222222222
0 0.9182692307692307 0.5085470085470085 0.055288461538461536 0.20085470085470086
0 0.9399038461538461 0.2606837606837607 0.038461538461538464 0.18376068376068377
0 0.84375 0.09401709401709402 0.03125 0.11538461538461539
0 0.7379807692307693 0.06837606837606838 0.026442307692307692 0.11538461538461539
0 0.5288461538461539 0.08974358974358974 0.026442307692307692 0.1282051282051282
0 0.5480769230769231 0.18376068376068377 0.026442307692307692 0.1282051282051282
0 0.5072115384615384 0.2264957264957265 0.036057692307692304 0.14957264957264957
0 0.4423076923076923 0.12393162393162394 0.026442307692307692 0.11965811965811966
0 0.4014423076923077 0.19658119658119658 0.03125 0.1111111111111111