0 0.8990384615384616 0.8717948717948718 0.08173076923076923 0.24786324786324787
0 0.4855769230769231 0.8675213675213675 0.08413461538461539 0.2564102564102564
0 0.1875 0.5042735042735043 0.04807692307692308 0.2222222222222222
0 0.1466346153846154 0.46153846153846156 0.040865384615384616 0.18376068376068377
0 0.1201923076923077 0.5384615384615384 0.03365384615384615 0.19658119658119658
0 0.09615384615384616 0.4658119658119658 0.038461538461538464 0.19230769230769232
0 0.055288461538461536 0.47435897435897434 0.040865384615384616 0.19230769230769232
0 0.125 0.19658119658119658 0.03365384615384615 0.15384615384615385
0 0.07692307692307693 0.25213675213675213 0.03125 0.16666666666666666
0 0.038461538461538464 0.2606837606837607 0.036057692307692304 0.15384615384615385
0 0.6105769230769231 0.16666666666666666 0.02403846153846154 0.13247863247863248
0 0.6370192307692307 0.21794871794871795 0.03365384615384615 0.13675213675213677
0 0.6706730769230769 0.20512820512820512 0.03125 0.1282051282051282
0 0.6802884615384616 0.36324786324786323 0.03365384615384615 0.1752136752136752
0 0.7403846153846154 0.3717948717948718 0.03125 0.18376068376068377
0 0.78125 0.3803418803418803 0.03365384615384615 0.16666666666666666
0 0.8076923076923077 0.3547008547008547 0.038461538461538464 0.1581196581196581
0 0.8197115384615384 0.2863247863247863 0.038461538461538464 0.1794871794871795
0 0.8485576923076923 0.34615384615384615 0.03365384615384615 0.17094017094017094
0 0.9375 0.47435897435897434 0.05048076923076923 0.21794871794871795