0 0.9206730769230769 0.47863247863247865 0.057692307692307696 0.21367521367521367
0 0.9711538461538461 0.4658119658119658 0.04567307692307692 0.20085470085470086
0 0.8725961538461539 0.32051282051282054 0.03125 0.1752136752136752
0 0.8533653846153846 0.32905982905982906 0.028846153846153848 0.1581196581196581
0 0.8221153846153846 0.3418803418803419 0.040865384615384616 0.17094017094017094
0 0.7403846153846154 0.2564102564102564 0.03125 0.16666666666666666
0 0.7139423076923077 0.27350427350427353 0.03125 0.15384615384615385
0 0.6129807692307693 0.3974358974358974 0.038461538461538464 0.18803418803418803
0 0.5769230769230769 0.4188034188034188 0.04567307692307692 0.19658119658119658
0 0.5913461538461539 0.12393162393162394 0.026442307692307692 0.1282051282051282
0 0.5288461538461539 0.1111111111111111 0.03125 0.12393162393162394
0 0.29086538461538464 0.2264957264957265 0.03125 0.14957264957264957
0 0.2620192307692308 0.3418803418803419 0.038461538461538464 0.1794871794871795
0 0.4206730769230769 0.594017094017094 0.04326923076923077 0.2264957264957265
0 0.27884615384615385 0.9145299145299145 0.07211538461538461 0.1623931623931624
0 0.19951923076923078 0.9358974358974359 0.06971153846153846 0.12393162393162394
0 0.10096153846153846 0.08974358974358974 0.021634615384615384 0.11965811965811966
0 0.13221153846153846 0.05555555555555555 0.03125 0.1111111111111111