0 0.10817307692307693 0.36324786324786323 0.036057692307692304 0.1752136752136752
0 0.27163461538461536 0.2777777777777778 0.038461538461538464 0.1752136752136752
0 0.2932692307692308 0.23504273504273504 0.03125 0.1282051282051282
0 0.34134615384615385 0.32905982905982906 0.036057692307692304 0.1794871794871795
0 0.375 0.41025641025641024 0.04807692307692308 0.20085470085470086
0 0.41586538461538464 0.3247863247863248 0.038461538461538464 0.15384615384615385
0 0.4735576923076923 0.3333333333333333 0.036057692307692304 0.16666666666666666
0 0.4110576923076923 0.1581196581196581 0.03125 0.1282051282051282
0 0.4567307692307692 0.08974358974358974 0.02403846153846154 0.11538461538461539
0 0.5144230769230769 0.0811965811965812 0.026442307692307692 0.10683760683760683
0 0.5336538461538461 0.10256410256410256 0.028846153846153848 0.11965811965811966
0 0.5384615384615384 0.053418803418803416 0.02403846153846154 0.10683760683760683
0 0.5949519230769231 0.04487179487179487 0.021634615384615384 0.08974358974358974
0 0.6153846153846154 0.049145299145299144 0.02403846153846154 0.09829059829059829
0 0.6514423076923077 0.04700854700854701 0.021634615384615384 0.09401709401709402
0 0.6802884615384616 0.04487179487179487 0.02403846153846154 0.08974358974358974
0 0.6850961538461539 0.2777777777777778 0.03125 0.1623931623931624
0 0.8774038461538461 0.4017094017094017 0.04326923076923077 0.1794871794871795
0 0.96875 0.2094017094017094 0.028846153846153848 0.13675213675213677
0 0.7572115384615384 0.10683760683760683 0.03125 0.12393162393162394
0 0.7932692307692307 0.13247863247863248 0.028846153846153848 0.11965811965811966
0 0.8173076923076923 0.13247863247863248 0.026442307692307692 0.12393162393162394
0 0.7980769230769231 0.10256410256410256 0.026442307692307692 0.12393162393162394