0 0.36778846153846156 0.405982905982906 0.036057692307692304 0.20085470085470086
0 0.39903846153846156 0.19230769230769232 0.03365384615384615 0.12393162393162394
0 0.4254807692307692 0.11538461538461539 0.026442307692307692 0.12393162393162394
0 0.5336538461538461 0.16666666666666666 0.028846153846153848 0.13247863247863248
0 0.5649038461538461 0.1623931623931624 0.028846153846153848 0.13675213675213677
0 0.6538461538461539 0.09829059829059829 0.02403846153846154 0.1282051282051282
0 0.7860576923076923 0.1282051282051282 0.026442307692307692 0.11538461538461539
0 0.8149038461538461 0.13247863247863248 0.026442307692307692 0.1282051282051282
0 0.8341346153846154 0.0811965811965812 0.021634615384615384 0.11538461538461539
0 0.8004807692307693 0.5854700854700855 0.040865384615384616 0.2222222222222222
0 0.8822115384615384 0.6410256410256411 0.05048076923076923 0.24358974358974358
0 0.8509615384615384 0.9145299145299145 0.052884615384615384 0.16666666666666666
0 0.71875 0.9145299145299145 0.0673076923076923 0.1623931623931624
0 0.5576923076923077 0.8931623931623932 0.06490384615384616 0.20512820512820512