0 0.028846153846153848 0.5726495726495726 0.04567307692307692 0.21367521367521367
0 0.14903846153846154 0.32905982905982906 0.03365384615384615 0.1581196581196581
0 0.3245192307692308 0.3717948717948718 0.03125 0.16666666666666666
0 0.36778846153846156 0.37606837606837606 0.03125 0.17094017094017094
0 0.5480769230769231 0.1581196581196581 0.036057692307692304 0.13675213675213677
0 0.6225961538461539 0.1794871794871795 0.021634615384615384 0.15384615384615385
0 0.6778846153846154 0.2692307692307692 0.03125 0.13675213675213677
0 0.6322115384615384 0.39316239316239315 0.038461538461538464 0.1794871794871795
0 0.6730769230769231 0.4017094017094017 0.040865384615384616 0.18803418803418803
0 0.6394230769230769 0.6068376068376068 0.038461538461538464 0.21794871794871795
0 0.8004807692307693 0.6367521367521367 0.057692307692307696 0.25213675213675213
0 0.8966346153846154 0.4188034188034188 0.040865384615384616 0.18803418803418803
0 0.9278846153846154 0.3504273504273504 0.040865384615384616 0.17094017094017094
0 0.9591346153846154 0.2948717948717949 0.028846153846153848 0.1452991452991453
0 0.9350961538461539 0.2264957264957265 0.03365384615384615 0.13675213675213677