0 0.10817307692307693 0.37606837606837606 0.03365384615384615 0.16666666666666666
0 0.20192307692307693 0.33760683760683763 0.04326923076923077 0.1452991452991453
0 0.28125 0.24358974358974358 0.03125 0.13675213675213677
0 0.4206730769230769 0.16666666666666666 0.02403846153846154 0.1452991452991453
0 0.44711538461538464 0.1752136752136752 0.028846153846153848 0.15384615384615385
0 0.46634615384615385 0.14102564102564102 0.02403846153846154 0.12393162393162394
0 0.47836538461538464 0.1623931623931624 0.026442307692307692 0.11965811965811966
0 0.5817307692307693 0.6410256410256411 0.057692307692307696 0.2564102564102564
0 0.6009615384615384 0.0811965811965812 0.028846153846153848 0.11965811965811966
0 0.6850961538461539 0.1111111111111111 0.028846153846153848 0.13247863247863248
0 0.7235576923076923 0.11538461538461539 0.03365384615384615 0.14102564102564102
0 0.7403846153846154 0.27350427350427353 0.038461538461538464 0.17094017094017094
0 0.8269230769230769 0.1111111111111111 0.028846153846153848 0.11538461538461539
0 0.8677884615384616 0.09829059829059829 0.03125 0.11965811965811966
0 0.8918269230769231 0.25213675213675213 0.03365384615384615 0.15384615384615385
0 0.96875 0.23076923076923078 0.03125 0.1282051282051282