0 0.6658653846153846 0.053418803418803416 0.02403846153846154 0.10683760683760683
0 0.6370192307692307 0.05555555555555555 0.016826923076923076 0.1111111111111111
0 0.6033653846153846 0.053418803418803416 0.02403846153846154 0.10683760683760683
0 0.5817307692307693 0.05128205128205128 0.016826923076923076 0.10256410256410256
0 0.5552884615384616 0.05128205128205128 0.019230769230769232 0.10256410256410256
0 0.53125 0.0641025641025641 0.021634615384615384 0.10256410256410256
0 0.5096153846153846 0.12393162393162394 0.026442307692307692 0.1282051282051282
0 0.44711538461538464 0.13675213675213677 0.02403846153846154 0.11538461538461539
0 0.4326923076923077 0.10683760683760683 0.021634615384615384 0.11538461538461539
0 0.33653846153846156 0.20512820512820512 0.03125 0.1282051282051282
0 0.4543269230769231 0.28205128205128205 0.040865384615384616 0.1452991452991453
0 0.44471153846153844 0.3717948717948718 0.03365384615384615 0.1623931623931624
0 0.1658653846153846 0.3162393162393162 0.038461538461538464 0.17094017094017094
0 0.21875 0.31196581196581197 0.04567307692307692 0.18376068376068377
0 0.28365384615384615 0.37606837606837606 0.04567307692307692 0.19230769230769232
0 0.32211538461538464 0.46153846153846156 0.05048076923076923 0.20085470085470086
0 0.7115384615384616 0.24786324786324787 0.03125 0.1623931623931624
0 0.7475961538461539 0.05128205128205128 0.03125 0.10256410256410256
0 0.7740384615384616 0.11965811965811966 0.03125 0.1282051282051282
0 0.8125 0.1111111111111111 0.026442307692307692 0.11965811965811966
0 0.8149038461538461 0.15384615384615385 0.028846153846153848 0.1282051282051282
0 0.8461538461538461 0.14957264957264957 0.02403846153846154 0.12393162393162394
0 0.8966346153846154 0.36324786324786323 0.036057692307692304 0.17094017094017094
0 0.8725961538461539 0.8162393162393162 0.0625 0.2564102564102564