0 0.7956730769230769 0.4444444444444444 0.04807692307692308 0.18803418803418803
0 0.7740384615384616 0.27350427350427353 0.03125 0.1452991452991453
0 0.7043269230769231 0.2222222222222222 0.03125 0.12393162393162394
0 0.6730769230769231 0.21367521367521367 0.021634615384615384 0.14102564102564102
0 0.6490384615384616 0.2094017094017094 0.028846153846153848 0.1282051282051282
0 0.625 0.19230769230769232 0.02403846153846154 0.1282051282051282
0 0.6129807692307693 0.20512820512820512 0.026442307692307692 0.09829059829059829
0 0.5961538461538461 0.14957264957264957 0.026442307692307692 0.1282051282051282
0 0.47115384615384615 0.15384615384615385 0.03365384615384615 0.13675213675213677
0 0.4326923076923077 0.07692307692307693 0.019230769230769232 0.1111111111111111
0 0.3605769230769231 0.05982905982905983 0.02403846153846154 0.1111111111111111
0 0.375 0.18803418803418803 0.03125 0.1452991452991453
0 0.33413461538461536 0.18803418803418803 0.03365384615384615 0.1623931623931624
0 0.25 0.1581196581196581 0.026442307692307692 0.12393162393162394
0 0.20673076923076922 0.17094017094017094 0.03125 0.14102564102564102
0 0.1346153846153846 0.18376068376068377 0.03125 0.13675213675213677
0 0.08173076923076923 0.24786324786324787 0.03125 0.15384615384615385
0 0.09375 0.1794871794871795 0.028846153846153848 0.13247863247863248