0 0.11298076923076923 0.4188034188034188 0.04326923076923077 0.14957264957264957
0 0.19471153846153846 0.32051282051282054 0.03125 0.14957264957264957
0 0.3701923076923077 0.1794871794871795 0.03125 0.12393162393162394
0 0.6850961538461539 0.47863247863247865 0.04567307692307692 0.20512820512820512
0 0.8942307692307693 0.3034188034188034 0.038461538461538464 0.16666666666666666
0 0.9423076923076923 0.32905982905982906 0.03365384615384615 0.15384615384615385
0 0.6875 0.36324786324786323 0.04326923076923077 0.19658119658119658
0 0.4831730769230769 0.14102564102564102 0.026442307692307692 0.14102564102564102
0 0.5048076923076923 0.13675213675213677 0.026442307692307692 0.1282051282051282
0 0.5264423076923077 0.1282051282051282 0.026442307692307692 0.12393162393162394
0 0.5504807692307693 0.05128205128205128 0.019230769230769232 0.10256410256410256
0 0.5348557692307693 0.049145299145299144 0.021634615384615384 0.09829059829059829
0 0.7163461538461539 0.07692307692307693 0.026442307692307692 0.12393162393162394
0 0.7524038461538461 0.07692307692307693 0.02403846153846154 0.13247863247863248
0 0.8341346153846154 0.05128205128205128 0.026442307692307692 0.10256410256410256
0 0.8894230769230769 0.0811965811965812 0.02403846153846154 0.10683760683760683
0 0.6418269230769231 0.049145299145299144 0.028846153846153848 0.09829059829059829