0 0.875 0.7350427350427351 0.052884615384615384 0.2606837606837607
0 0.8269230769230769 0.7307692307692307 0.06009615384615385 0.2777777777777778
0 0.6947115384615384 0.5512820512820513 0.038461538461538464 0.19230769230769232
0 0.78125 0.38461538461538464 0.04567307692307692 0.1794871794871795
0 0.8870192307692307 0.358974358974359 0.03125 0.1581196581196581
0 0.6682692307692307 0.23931623931623933 0.03125 0.1452991452991453
0 0.6274038461538461 0.20085470085470086 0.03125 0.13675213675213677
0 0.42788461538461536 0.05128205128205128 0.021634615384615384 0.10256410256410256
0 0.3581730769230769 0.11965811965811966 0.03125 0.13247863247863248
0 0.21394230769230768 0.20512820512820512 0.036057692307692304 0.13247863247863248
0 0.07932692307692307 0.33760683760683763 0.038461538461538464 0.1581196581196581
0 0.057692307692307696 0.5299145299145299 0.040865384615384616 0.20085470085470086
0 0.23076923076923078 0.5555555555555556 0.055288461538461536 0.25213675213675213
0 0.14423076923076922 0.782051282051282 0.05048076923076923 0.26495726495726496