0 0.8701923076923077 0.3974358974358974 0.040865384615384616 0.19658119658119658
0 0.8389423076923077 0.41452991452991456 0.038461538461538464 0.1794871794871795
0 0.8413461538461539 0.3504273504273504 0.03125 0.1623931623931624
0 0.8028846153846154 0.358974358974359 0.036057692307692304 0.1752136752136752
0 0.7451923076923077 0.23076923076923078 0.028846153846153848 0.15384615384615385
0 0.7211538461538461 0.25213675213675213 0.03125 0.15384615384615385
0 0.6442307692307693 0.2094017094017094 0.03365384615384615 0.12393162393162394
0 0.5288461538461539 0.23931623931623933 0.028846153846153848 0.1581196581196581
0 0.5 0.24358974358974358 0.038461538461538464 0.1581196581196581
0 0.4723557692307692 0.053418803418803416 0.021634615384615384 0.10683760683760683
0 0.2668269230769231 0.11538461538461539 0.03125 0.12393162393162394
0 0.3605769230769231 0.38461538461538464 0.04326923076923077 0.1752136752136752
0 0.2692307692307692 0.3547008547008547 0.038461538461538464 0.18376068376068377
0 0.1971153846153846 0.21367521367521367 0.03125 0.1581196581196581
0 0.057692307692307696 0.23504273504273504 0.026442307692307692 0.1581196581196581
0 0.06009615384615385 0.5384615384615384 0.04326923076923077 0.2222222222222222
0 0.2548076923076923 0.8205128205128205 0.0625 0.26495726495726496