0 0.18028846153846154 0.39316239316239315 0.040865384615384616 0.19658119658119658
0 0.1875 0.32051282051282054 0.028846153846153848 0.1581196581196581
0 0.3004807692307692 0.25213675213675213 0.028846153846153848 0.16666666666666666
0 0.3269230769230769 0.24358974358974358 0.028846153846153848 0.1282051282051282
0 0.34615384615384615 0.1752136752136752 0.02403846153846154 0.1452991452991453
0 0.38221153846153844 0.1752136752136752 0.03365384615384615 0.13675213675213677
0 0.38221153846153844 0.13247863247863248 0.026442307692307692 0.12393162393162394
0 0.4375 0.12393162393162394 0.021634615384615384 0.13675213675213677
0 0.45913461538461536 0.13675213675213677 0.021634615384615384 0.11538461538461539
0 0.47836538461538464 0.1111111111111111 0.02403846153846154 0.10256410256410256
0 0.5721153846153846 0.0811965811965812 0.03125 0.11965811965811966
0 0.8245192307692307 0.0641025641025641 0.026442307692307692 0.11538461538461539
0 0.8413461538461539 0.15384615384615385 0.028846153846153848 0.1282051282051282
0 0.9158653846153846 0.23076923076923078 0.026442307692307692 0.1623931623931624
0 0.8798076923076923 0.49145299145299143 0.05048076923076923 0.20512820512820512
0 0.9350961538461539 0.5085470085470085 0.040865384615384616 0.20085470085470086
0 0.6875 0.4230769230769231 0.04567307692307692 0.2094017094017094
0 0.5120192307692307 0.7692307692307693 0.06009615384615385 0.2564102564102564
0 0.2956730769230769 0.6196581196581197 0.04326923076923077 0.23504273504273504
0 0.2764423076923077 0.9145299145299145 0.07211538461538461 0.1581196581196581
0 0.3605769230769231 0.9529914529914529 0.06971153846153846 0.08974358974358974