0 0.2956730769230769 0.21794871794871795 0.038461538461538464 0.14102564102564102
0 0.4375 0.2777777777777778 0.028846153846153848 0.1581196581196581
0 0.47836538461538464 0.26495726495726496 0.021634615384615384 0.15384615384615385
0 0.5336538461538461 0.2692307692307692 0.026442307692307692 0.17094017094017094
0 0.5336538461538461 0.08974358974358974 0.028846153846153848 0.11965811965811966
0 0.7259615384615384 0.26495726495726496 0.026442307692307692 0.15384615384615385
0 0.7524038461538461 0.2692307692307692 0.03125 0.17094017094017094
0 0.7644230769230769 0.1752136752136752 0.026442307692307692 0.1282051282051282
0 0.9447115384615384 0.29914529914529914 0.038461538461538464 0.16666666666666666
0 0.8317307692307693 0.8974358974358975 0.07451923076923077 0.20085470085470086
0 0.5552884615384616 0.8888888888888888 0.05048076923076923 0.20512820512820512
0 0.5889423076923077 0.7222222222222222 0.04807692307692308 0.23504273504273504
0 0.625 0.09401709401709402 0.03365384615384615 0.13675213675213677