0 0.6899038461538461 0.9017094017094017 0.06490384615384616 0.18803418803418803
0 0.9110576923076923 0.5897435897435898 0.05048076923076923 0.23076923076923078
0 0.7860576923076923 0.14957264957264957 0.03125 0.13675213675213677
0 0.8557692307692307 0.053418803418803416 0.03365384615384615 0.10683760683760683
0 0.6129807692307693 0.08547008547008547 0.026442307692307692 0.12393162393162394
0 0.5769230769230769 0.11965811965811966 0.02403846153846154 0.13675213675213677
0 0.5576923076923077 0.1111111111111111 0.02403846153846154 0.11538461538461539
0 0.5096153846153846 0.0641025641025641 0.021634615384615384 0.1282051282051282
0 0.32211538461538464 0.19658119658119658 0.02403846153846154 0.1282051282051282
0 0.30528846153846156 0.23931623931623933 0.026442307692307692 0.15384615384615385
0 0.2764423076923077 0.2264957264957265 0.026442307692307692 0.1282051282051282
0 0.2548076923076923 0.31196581196581197 0.036057692307692304 0.1623931623931624
0 0.33413461538461536 0.3547008547008547 0.03125 0.1794871794871795
0 0.37259615384615385 0.3247863247863248 0.03365384615384615 0.16666666666666666
0 0.4206730769230769 0.6794871794871795 0.04807692307692308 0.25213675213675213
0 0.4735576923076923 0.717948717948718 0.055288461538461536 0.2606837606837607
0 0.27163461538461536 0.6923076923076923 0.055288461538461536 0.24358974358974358
0 0.16346153846153846 0.49572649572649574 0.04567307692307692 0.2264957264957265
0 0.125 0.41025641025641024 0.03365384615384615 0.1794871794871795