0 0.16346153846153846 0.5 0.04807692307692308 0.20512820512820512
0 0.036057692307692304 0.28205128205128205 0.03365384615384615 0.17094017094017094
0 0.20192307692307693 0.08974358974358974 0.021634615384615384 0.11965811965811966
0 0.12740384615384615 0.049145299145299144 0.028846153846153848 0.09829059829059829
0 0.23317307692307693 0.09829059829059829 0.02403846153846154 0.1111111111111111
0 0.23317307692307693 0.06837606837606838 0.021634615384615384 0.10683760683760683
0 0.2644230769230769 0.07264957264957266 0.026442307692307692 0.12393162393162394
0 0.43509615384615385 0.07692307692307693 0.026442307692307692 0.12393162393162394
0 0.38461538461538464 0.3504273504273504 0.038461538461538464 0.1794871794871795
0 0.4807692307692308 0.26495726495726496 0.028846153846153848 0.15384615384615385
0 0.5 0.08547008547008547 0.028846153846153848 0.12393162393162394
0 0.5360576923076923 0.10683760683760683 0.02403846153846154 0.10683760683760683
0 0.5600961538461539 0.2606837606837607 0.03125 0.17094017094017094
0 0.5408653846153846 0.31196581196581197 0.038461538461538464 0.18803418803418803
0 0.6706730769230769 0.405982905982906 0.04807692307692308 0.1794871794871795
0 0.6730769230769231 0.21794871794871795 0.03125 0.14102564102564102
0 0.6418269230769231 0.19658119658119658 0.03125 0.15384615384615385
0 0.8100961538461539 0.31196581196581197 0.038461538461538464 0.14957264957264957