0 0.4254807692307692 0.688034188034188 0.05048076923076923 0.24358974358974358
0 0.2956730769230769 0.21794871794871795 0.028846153846153848 0.13247863247863248
0 0.39663461538461536 0.19658119658119658 0.021634615384615384 0.11538461538461539
0 0.4014423076923077 0.13247863247863248 0.03125 0.12393162393162394
0 0.4375 0.09829059829059829 0.026442307692307692 0.13247863247863248
0 0.47836538461538464 0.12393162393162394 0.026442307692307692 0.1282051282051282
0 0.5048076923076923 0.12393162393162394 0.026442307692307692 0.1282051282051282
0 0.53125 0.13247863247863248 0.026442307692307692 0.13675213675213677
0 0.5673076923076923 0.1282051282051282 0.02403846153846154 0.13675213675213677
0 0.59375 0.14957264957264957 0.02403846153846154 0.1282051282051282
0 0.625 0.19230769230769232 0.036057692307692304 0.14102564102564102
0 0.5961538461538461 0.05982905982905983 0.026442307692307692 0.11965811965811966
0 0.8173076923076923 0.1111111111111111 0.026442307692307692 0.13675213675213677
0 0.8870192307692307 0.2222222222222222 0.03125 0.14957264957264957
0 0.9350961538461539 0.24786324786324787 0.03365384615384615 0.13247863247863248
0 0.9663461538461539 0.24786324786324787 0.03125 0.13675213675213677
0 0.8870192307692307 0.42735042735042733 0.040865384615384616 0.18376068376068377
0 0.9278846153846154 0.5598290598290598 0.040865384615384616 0.2222222222222222
0 0.8581730769230769 0.5641025641025641 0.055288461538461536 0.23076923076923078
0 0.8028846153846154 0.7094017094017094 0.040865384615384616 0.24358974358974358
0 0.7115384615384616 0.8034188034188035 0.05048076923076923 0.2863247863247863
0 0.7620192307692307 0.8205128205128205 0.05048076923076923 0.26495726495726496
0 0.8365384615384616 0.9444444444444444 0.06971153846153846 0.10256410256410256