0 0.8701923076923077 0.3504273504273504 0.040865384615384616 0.19658119658119658
0 0.8581730769230769 0.4700854700854701 0.040865384615384616 0.17094017094017094
0 0.9350961538461539 0.5512820512820513 0.040865384615384616 0.2222222222222222
0 0.8822115384615384 0.6752136752136753 0.04807692307692308 0.23931623931623933
0 0.8269230769230769 0.13675213675213677 0.03125 0.12393162393162394
0 0.7091346153846154 0.05128205128205128 0.02403846153846154 0.10256410256410256
0 0.5769230769230769 0.04487179487179487 0.028846153846153848 0.08974358974358974
0 0.5625 0.1794871794871795 0.03365384615384615 0.13675213675213677
0 0.5024038461538461 0.09401709401709402 0.02403846153846154 0.11538461538461539
0 0.47115384615384615 0.13675213675213677 0.028846153846153848 0.1282051282051282
0 0.43509615384615385 0.18803418803418803 0.03125 0.13675213675213677
0 0.4735576923076923 0.41025641025641024 0.04326923076923077 0.1623931623931624
0 0.3173076923076923 0.2692307692307692 0.03365384615384615 0.1623931623931624
0 0.3557692307692308 0.5256410256410257 0.04567307692307692 0.23931623931623933
0 0.2956730769230769 0.5128205128205128 0.040865384615384616 0.21367521367521367
0 0.1201923076923077 0.5726495726495726 0.0625 0.23076923076923078
0 0.0673076923076923 0.5 0.04326923076923077 0.18376068376068377
0 0.04807692307692308 0.4658119658119658 0.04567307692307692 0.18376068376068377