0 0.8629807692307693 0.5598290598290598 0.055288461538461536 0.20085470085470086
0 0.8149038461538461 0.5769230769230769 0.06009615384615385 0.2222222222222222
0 0.7836538461538461 0.34615384615384615 0.04326923076923077 0.16666666666666666
0 0.5889423076923077 0.2905982905982906 0.036057692307692304 0.17094017094017094
0 0.4639423076923077 0.4658119658119658 0.03365384615384615 0.18803418803418803
0 0.5288461538461539 0.6709401709401709 0.04326923076923077 0.24358974358974358
0 0.4735576923076923 0.6837606837606838 0.057692307692307696 0.24786324786324787
0 0.2932692307692308 0.5 0.040865384615384616 0.18376068376068377
0 0.21394230769230768 0.6153846153846154 0.052884615384615384 0.23076923076923078
0 0.15144230769230768 0.6111111111111112 0.05048076923076923 0.21367521367521367
0 0.07692307692307693 0.594017094017094 0.038461538461538464 0.20085470085470086
0 0.12259615384615384 0.5042735042735043 0.038461538461538464 0.16666666666666666
0 0.11298076923076923 0.3888888888888889 0.036057692307692304 0.19230769230769232
0 0.16105769230769232 0.38461538461538464 0.04326923076923077 0.20085470085470086
0 0.2956730769230769 0.10256410256410256 0.02403846153846154 0.1452991452991453