0 0.07932692307692307 0.37606837606837606 0.05048076923076923 0.1752136752136752
0 0.14423076923076922 0.05982905982905983 0.028846153846153848 0.10683760683760683
0 0.22355769230769232 0.08974358974358974 0.026442307692307692 0.12393162393162394
0 0.33413461538461536 0.18803418803418803 0.026442307692307692 0.14102564102564102
0 0.4206730769230769 0.057692307692307696 0.028846153846153848 0.11538461538461539
0 0.3701923076923077 0.2777777777777778 0.03365384615384615 0.14102564102564102
0 0.21634615384615385 0.7264957264957265 0.055288461538461536 0.20085470085470086
0 0.5264423076923077 0.15384615384615385 0.021634615384615384 0.13247863247863248
0 0.5432692307692307 0.28205128205128205 0.03365384615384615 0.1623931623931624
0 0.5120192307692307 0.3333333333333333 0.028846153846153848 0.17094017094017094
0 0.47115384615384615 0.33760683760683763 0.03365384615384615 0.18803418803418803
0 0.6177884615384616 0.14957264957264957 0.02403846153846154 0.1282051282051282
0 0.6490384615384616 0.3333333333333333 0.040865384615384616 0.1752136752136752
0 0.7644230769230769 0.34615384615384615 0.03365384615384615 0.14957264957264957
0 0.7836538461538461 0.3247863247863248 0.03365384615384615 0.16666666666666666
0 0.8365384615384616 0.3333333333333333 0.038461538461538464 0.1794871794871795
0 0.8701923076923077 0.32051282051282054 0.040865384615384616 0.16666666666666666