0 0.10096153846153846 0.3974358974358974 0.052884615384615384 0.19230769230769232
0 0.1201923076923077 0.3504273504273504 0.03365384615384615 0.1581196581196581
0 0.17067307692307693 0.32051282051282054 0.03365384615384615 0.1452991452991453
0 0.3076923076923077 0.2564102564102564 0.03125 0.14957264957264957
0 0.3870192307692308 0.19230769230769232 0.03365384615384615 0.13675213675213677
0 0.38461538461538464 0.31196581196581197 0.03365384615384615 0.1752136752136752
0 0.47115384615384615 0.20512820512820512 0.026442307692307692 0.14957264957264957
0 0.49038461538461536 0.1794871794871795 0.026442307692307692 0.13247863247863248
0 0.5504807692307693 0.4188034188034188 0.036057692307692304 0.20512820512820512
0 0.6225961538461539 0.4444444444444444 0.04807692307692308 0.2094017094017094
0 0.71875 0.2606837606837607 0.036057692307692304 0.1623931623931624
0 0.7932692307692307 0.1282051282051282 0.036057692307692304 0.1452991452991453
0 0.5817307692307693 0.04700854700854701 0.019230769230769232 0.09401709401709402
0 0.6658653846153846 0.049145299145299144 0.028846153846153848 0.09829059829059829