0 0.9399038461538461 0.47863247863247865 0.04807692307692308 0.1752136752136752
0 0.8557692307692307 0.3717948717948718 0.036057692307692304 0.1623931623931624
0 0.6754807692307693 0.20512820512820512 0.028846153846153848 0.12393162393162394
0 0.49759615384615385 0.12393162393162394 0.026442307692307692 0.13675213675213677
0 0.46634615384615385 0.1282051282051282 0.03125 0.13675213675213677
0 0.4543269230769231 0.11965811965811966 0.021634615384615384 0.13247863247863248
0 0.4951923076923077 0.0641025641025641 0.021634615384615384 0.11538461538461539
0 0.47836538461538464 0.0641025641025641 0.019230769230769232 0.10256410256410256
0 0.27163461538461536 0.05982905982905983 0.021634615384615384 0.11965811965811966
0 0.23317307692307693 0.06196581196581197 0.028846153846153848 0.12393162393162394
0 0.33653846153846156 0.41025641025641024 0.040865384615384616 0.19658119658119658
0 0.25961538461538464 0.4230769230769231 0.038461538461538464 0.21367521367521367
0 0.0985576923076923 0.32905982905982906 0.038461538461538464 0.17094017094017094
0 0.07211538461538461 0.38461538461538464 0.040865384615384616 0.1752136752136752