0 0.8870192307692307 0.4188034188034188 0.04326923076923077 0.14957264957264957
0 0.8052884615384616 0.32051282051282054 0.03125 0.14957264957264957
0 0.6298076923076923 0.1794871794871795 0.03125 0.12393162393162394
0 0.31490384615384615 0.47863247863247865 0.04567307692307692 0.20512820512820512
0 0.10576923076923077 0.3034188034188034 0.038461538461538464 0.16666666666666666
0 0.057692307692307696 0.32905982905982906 0.03365384615384615 0.15384615384615385
0 0.3125 0.36324786324786323 0.04326923076923077 0.19658119658119658
0 0.5168269230769231 0.14102564102564102 0.026442307692307692 0.14102564102564102
0 0.4951923076923077 0.13675213675213677 0.026442307692307692 0.1282051282051282
0 0.4735576923076923 0.1282051282051282 0.026442307692307692 0.12393162393162394
0 0.4495192307692308 0.05128205128205128 0.019230769230769232 0.10256410256410256
0 0.4651442307692308 0.049145299145299144 0.021634615384615384 0.09829059829059829
0 0.28365384615384615 0.07692307692307693 0.026442307692307692 0.12393162393162394
0 0.24759615384615385 0.07692307692307693 0.02403846153846154 0.13247863247863248
0 0.1658653846153846 0.05128205128205128 0.026442307692307692 0.10256410256410256
0 0.11057692307692307 0.0811965811965812 0.02403846153846154 0.10683760683760683
0 0.3581730769230769 0.049145299145299144 0.028846153846153848 0.09829059829059829