0 0.052884615384615384 0.5213675213675214 0.04567307692307692 0.19658119658119658
0 0.02283653846153846 0.5106837606837606 0.04567307692307692 0.24358974358974358
0 0.17067307692307693 0.31196581196581197 0.038461538461538464 0.17094017094017094
0 0.2283653846153846 0.3247863247863248 0.038461538461538464 0.16666666666666666
0 0.2932692307692308 0.2222222222222222 0.036057692307692304 0.16666666666666666
0 0.34375 0.16666666666666666 0.028846153846153848 0.14102564102564102
0 0.36778846153846156 0.1794871794871795 0.03365384615384615 0.1282051282051282
0 0.5216346153846154 0.15384615384615385 0.026442307692307692 0.13675213675213677
0 0.5456730769230769 0.1623931623931624 0.03125 0.13247863247863248
0 0.6201923076923077 0.16666666666666666 0.038461538461538464 0.1452991452991453
0 0.5408653846153846 0.5555555555555556 0.05048076923076923 0.2094017094017094
0 0.8389423076923077 0.5726495726495726 0.05048076923076923 0.20512820512820512
0 0.9182692307692307 0.7094017094017094 0.04567307692307692 0.2094017094017094
0 0.8990384615384616 0.33760683760683763 0.036057692307692304 0.16666666666666666
0 0.8028846153846154 0.23076923076923078 0.036057692307692304 0.1452991452991453
0 0.8485576923076923 0.1282051282051282 0.03125 0.13675213675213677
0 0.9615384615384616 0.3333333333333333 0.04567307692307692 0.18803418803418803