0 0.7043269230769231 0.21794871794871795 0.038461538461538464 0.14102564102564102
0 0.5625 0.2777777777777778 0.028846153846153848 0.1581196581196581
0 0.5216346153846154 0.26495726495726496 0.021634615384615384 0.15384615384615385
0 0.46634615384615385 0.2692307692307692 0.026442307692307692 0.17094017094017094
0 0.46634615384615385 0.08974358974358974 0.028846153846153848 0.11965811965811966
0 0.27403846153846156 0.26495726495726496 0.026442307692307692 0.15384615384615385
0 0.24759615384615385 0.2692307692307692 0.03125 0.17094017094017094
0 0.23557692307692307 0.1752136752136752 0.026442307692307692 0.1282051282051282
0 0.055288461538461536 0.29914529914529914 0.038461538461538464 0.16666666666666666
0 0.16826923076923078 0.8974358974358975 0.07451923076923077 0.20085470085470086
0 0.44471153846153844 0.8888888888888888 0.05048076923076923 0.20512820512820512
0 0.4110576923076923 0.7222222222222222 0.04807692307692308 0.23504273504273504
0 0.375 0.09401709401709402 0.03365384615384615 0.13675213675213677